9.999999999999980016e-01,-2.296687012621052848e-01,7.235083131851655081e-02,-4.496231573687153871e-02,6.936502875608159535e-03,-1.689475183164041577e-02,-5.556366276300260532e-03,-1.109951771538645986e-02,-8.198865267858177971e-03,-9.999214621428380301e-03,-8.384452913250121930e-03,-1.056241162968592391e-02,-6.813150394415816435e-03,-1.362903956224251548e-02,3.122009541187289018e-04,-2.296687012621052848e-01,9.999999999999980016e-01,1.818990382875871059e-01,5.212167684899111642e-01,3.674644450762017955e-01,4.437244010905936342e-01,4.035161572960692111e-01,4.284024670820922309e-01,4.069398570233908607e-01,4.347716537383992663e-01,3.881482389102456354e-01,4.736498610202067860e-01,3.104108852734615009e-01,6.157076637736516034e-01,-1.362904503826417243e-02,7.235083131851655081e-02,1.818990382875871059e-01,9.999999999999980016e-01,1.815204432287498715e-03,2.853485894041926096e-01,1.798383579178270686e-01,2.235357866614072764e-01,2.066372870868400935e-01,2.097581641181069934e-01,2.170951287005337127e-01,1.968362824536963873e-01,2.383653137795781474e-01,1.568121368738727983e-01,3.104108886392525912e-01,-6.813152388743553244e-03,-4.496231573687153871e-02,5.212167684899111642e-01,1.815204432287498715e-03,9.999999999999980016e-01,1.006212391472072060e-01,4.089480924429074182e-01,2.806073752621488504e-01,3.428184193747718655e-01,3.066168567148009894e-01,3.373326932493453389e-01,2.970272449971225748e-01,3.649420776790524013e-01,2.383653108313577018e-01,4.736498643665536523e-01,-1.056241699253021235e-02,6.936502875608159535e-03,3.674644450762017955e-01,2.853485894041926096e-01,1.006212391472072060e-01,9.999999999999980016e-01,5.085910409555779998e-02,3.424251765007705339e-01,2.317668951913771647e-01,2.744997942129275281e-01,2.661107470385967733e-01,2.489665832983214422e-01,2.970272430847334943e-01,1.968362810374333083e-01,3.881482382417172361e-01,-8.384455746584775632e-03,-1.689475183164041577e-02,4.437244010905936342e-01,1.798383579178270686e-01,4.089480924429074182e-01,5.085910409555779998e-02,9.999999999999980016e-01,7.567483336109087633e-02,3.805939850063817520e-01,2.519960153446347828e-01,3.220931127017251927e-01,2.661107499058470438e-01,3.373326950937709512e-01,2.170951276478155223e-01,4.347716582828013432e-01,-9.999218690114438507e-03,-5.556366276300260532e-03,4.035161572960692111e-01,2.235357866614072764e-01,2.806073752621488504e-01,3.424251765007705339e-01,7.567483336109087633e-02,9.999999999999980016e-01,6.554884911076008791e-02,3.540260046018263163e-01,2.519960137518553189e-01,2.744997948935086196e-01,3.066168562674728149e-01,2.097581625879752498e-01,4.069398585963882042e-01,-8.198868789407726468e-03,-1.109951771538645986e-02,4.284024670820922309e-01,2.066372870868400935e-01,3.428184193747718655e-01,2.317668951913771647e-01,3.805939850063817520e-01,6.554884911076008791e-02,9.999999999999980016e-01,6.554884995856966046e-02,3.805939834121223608e-01,2.317668972609172040e-01,3.428184195606660545e-01,2.066372852896936063e-01,4.284024691765794257e-01,-1.109952136342077893e-02,-8.198865267858177971e-03,4.069398570233908607e-01,2.097581641181069934e-01,3.066168567148009894e-01,2.744997942129275281e-01,2.519960153446347828e-01,3.540260046018263163e-01,6.554884995856966046e-02,9.999999999999980016e-01,7.567483162626635618e-02,3.424251778958123937e-01,2.806073767100649152e-01,2.235357844427275364e-01,4.035161611818318117e-01,-5.556370955478171121e-03,-9.999214621428380301e-03,4.347716537383992663e-01,2.170951287005337127e-01,3.373326932493453389e-01,2.661107470385967733e-01,3.220931127017251927e-01,2.519960137518553189e-01,3.805939834121223608e-01,7.567483162626635618e-02,9.999999999999980016e-01,5.085910423982945017e-02,4.089480903200817807e-01,1.798383560085625998e-01,4.437244005337176445e-01,-1.689475485669917482e-02,-8.384452913250121930e-03,3.881482389102456354e-01,1.968362824536963873e-01,2.970272449971225748e-01,2.489665832983214422e-01,2.661107499058470438e-01,2.744997948935086196e-01,2.317668972609172040e-01,3.424251778958123937e-01,5.085910423982945017e-02,9.999999999999980016e-01,1.006212422263172146e-01,2.853485883914732568e-01,3.674644499759988081e-01,6.936498976157184741e-03,-1.056241162968592391e-02,4.736498610202067860e-01,2.383653137795781474e-01,3.649420776790524013e-01,2.970272430847334943e-01,3.373326950937709512e-01,3.066168562674728149e-01,3.428184195606660545e-01,2.806073767100649152e-01,4.089480903200817807e-01,1.006212422263172146e-01,9.999999999999980016e-01,1.815201725397169209e-03,5.212167707125736626e-01,-4.496231935459601980e-02,-6.813150394415816435e-03,3.104108852734615009e-01,1.568121368738727983e-01,2.383653108313577018e-01,1.968362810374333083e-01,2.170951276478155223e-01,2.097581625879752498e-01,2.066372852896936063e-01,2.235357844427275364e-01,1.798383560085625998e-01,2.853485883914732568e-01,1.815201725397169209e-03,9.999999999999980016e-01,1.818990395631880919e-01,7.235082692542196825e-02,-1.362903956224251548e-02,6.157076637736516034e-01,3.104108886392525912e-01,4.736498643665536523e-01,3.881482382417172361e-01,4.347716582828013432e-01,4.069398585963882042e-01,4.284024691765794257e-01,4.035161611818318117e-01,4.437244005337176445e-01,3.674644499759988081e-01,5.212167707125736626e-01,1.818990395631880919e-01,9.999999999999980016e-01,-2.296687040244050071e-01,3.122009541187289018e-04,-1.362904503826417243e-02,-6.813152388743553244e-03,-1.056241699253021235e-02,-8.384455746584775632e-03,-9.999218690114438507e-03,-8.198868789407726468e-03,-1.109952136342077893e-02,-5.556370955478171121e-03,-1.689475485669917482e-02,6.936498976157184741e-03,-4.496231935459601980e-02,7.235082692542196825e-02,-2.296687040244050071e-01,9.999999999999980016e-01
9.999999999999987788e-01,-2.602908941337405135e-01,6.236399683073336198e-02,-7.178295595259331918e-02,-9.331139449048170623e-03,-3.974750864166116254e-02,-2.435327179857634666e-02,-3.259935718674742550e-02,-2.752312052760282762e-02,-3.170145709592631783e-02,-2.666419964866724099e-02,-3.450683146018892339e-02,-2.069647360984047668e-02,-4.511423752726557990e-02,3.247476209940025442e-03,-2.602908941337405135e-01,9.999999999999987788e-01,1.607019274675600129e-01,5.298358670533575010e-01,3.535808308640618902e-01,4.457495026492123702e-01,3.944279971672260410e-01,4.279119816299939982e-01,3.983932736414865783e-01,4.356525770736463521e-01,3.761331507360010651e-01,4.800980044810627123e-01,2.900482948243852110e-01,6.296649929234212628e-01,-4.511424311011197341e-02,6.236399683073336198e-02,1.607019274675600129e-01,9.999999999999987788e-01,-2.681050704655844191e-02,2.720201777923212938e-01,1.556597545074619726e-01,2.055322379893439466e-01,1.856185257761866492e-01,1.894587103776589898e-01,1.978855923160554031e-01,1.748792622334431612e-01,2.205410582696360478e-01,1.340832935802551418e-01,2.900482985053113860e-01,-2.069647556018758272e-02,-7.178295595259331918e-02,5.298358670533575010e-01,-2.681050704655844191e-02,9.999999999999987788e-01,8.144976486155548756e-02,4.129406987548525643e-01,2.670349206506642536e-01,3.418576870507560317e-01,2.958229967101917990e-01,3.358313341951063569e-01,2.846838771587315575e-01,3.668448264136818793e-01,2.205410541619809428e-01,4.800980074482673610e-01,-3.450683702252348162e-02,-9.331139449048170623e-03,3.535808308640618902e-01,2.720201777923212938e-01,8.144976486155548756e-02,9.999999999999987788e-01,2.511857416635157603e-02,3.333270021709765496e-01,2.114985370888879390e-01,2.597404125048439205e-01,2.502756987788026799e-01,2.303245088432048782e-01,2.846838751806383128e-01,1.748792607927167064e-01,3.761331494872316439e-01,-2.666420266590737581e-02,-3.974750864166116254e-02,4.457495026492123702e-01,1.556597545074619726e-01,4.129406987548525643e-01,2.511857416635157603e-02,9.999999999999987788e-01,5.425924393801073720e-02,3.813363243600628172e-01,2.351211602105940934e-01,3.192938927688312445e-01,2.502757029453457904e-01,3.358313368696623780e-01,1.978855914237128144e-01,4.356525823360909988e-01,-3.170146085501431010e-02,-2.435327179857634666e-02,3.944279971672260410e-01,2.055322379893439466e-01,2.670349206506642536e-01,3.333270021709765496e-01,5.425924393801073720e-02,9.999999999999987788e-01,4.210940255980827329e-02,3.465366389760605736e-01,2.351211580104865251e-01,2.597404126924893197e-01,2.958229971263236502e-01,1.894587079555928311e-01,3.983932755083972599e-01,-2.752312487965743321e-02,-3.259935718674742550e-02,4.279119816299939982e-01,1.856185257761866492e-01,3.418576870507560317e-01,2.114985370888879390e-01,3.813363243600628172e-01,4.210940255980827329e-02,9.999999999999987788e-01,4.210940381694688872e-02,3.813363221764463074e-01,2.114985400982781760e-01,3.418576872036888092e-01,1.856185242964127347e-01,4.279119831761855619e-01,-3.259935993198611465e-02,-2.752312052760282762e-02,3.983932736414865783e-01,1.894587103776589898e-01,2.958229967101917990e-01,2.597404125048439205e-01,2.351211602105940934e-01,3.465366389760605736e-01,4.210940381694688872e-02,9.999999999999987788e-01,5.425924157583625340e-02,3.333270037121685569e-01,2.670349237592181679e-01,2.055322345224163127e-01,3.944280024147250319e-01,-2.435327782139926414e-02,-3.170145709592631783e-02,4.356525770736463521e-01,1.978855923160554031e-01,3.358313341951063569e-01,2.502756987788026799e-01,3.192938927688312445e-01,2.351211580104865251e-01,3.813363221764463074e-01,5.425924157583625340e-02,9.999999999999987788e-01,2.511857405556901929e-02,4.129406957794790611e-01,1.556597529590732221e-01,4.457495005058935145e-01,-3.974751047014504768e-02,-2.666419964866724099e-02,3.761331507360010651e-01,1.748792622334431612e-01,2.846838771587315575e-01,2.303245088432048782e-01,2.502757029453457904e-01,2.597404126924893197e-01,2.114985400982781760e-01,3.333270037121685569e-01,2.511857405556901929e-02,9.999999999999987788e-01,8.144976976979581562e-02,2.720201758011170368e-01,3.535808371130576000e-01,-9.331144309474027551e-03,-3.450683146018892339e-02,4.800980044810627123e-01,2.205410582696360478e-01,3.668448264136818793e-01,2.846838751806383128e-01,3.358313368696623780e-01,2.958229971263236502e-01,3.418576872036888092e-01,2.670349237592181679e-01,4.129406957794790611e-01,8.144976976979581562e-02,9.999999999999987788e-01,-2.681050934642296990e-02,5.298358697856706545e-01,-7.178295910731972984e-02,-2.069647360984047668e-02,2.900482948243852110e-01,1.340832935802551418e-01,2.205410541619809428e-01,1.748792607927167064e-01,1.978855914237128144e-01,1.894587079555928311e-01,1.856185242964127347e-01,2.055322345224163127e-01,1.556597529590732221e-01,2.720201758011170368e-01,-2.681050934642296990e-02,9.999999999999987788e-01,1.607019284551609029e-01,6.236399217118646782e-02,-4.511423752726557990e-02,6.296649929234212628e-01,2.900482985053113860e-01,4.800980074482673610e-01,3.761331494872316439e-01,4.356525823360909988e-01,3.983932755083972599e-01,4.279119831761855619e-01,3.944280024147250319e-01,4.457495005058935145e-01,3.535808371130576000e-01,5.298358697856706545e-01,1.607019284551609029e-01,9.999999999999987788e-01,-2.602908968929349420e-01,3.247476209940025442e-03,-4.511424311011197341e-02,-2.069647556018758272e-02,-3.450683702252348162e-02,-2.666420266590737581e-02,-3.170146085501431010e-02,-2.752312487965743321e-02,-3.259935993198611465e-02,-2.435327782139926414e-02,-3.974751047014504768e-02,-9.331144309474027551e-03,-7.178295910731972984e-02,6.236399217118646782e-02,-2.602908968929349420e-01,9.999999999999987788e-01
9.999999999999976685e-01,-2.905864524101078872e-01,5.440948537024635490e-02,-9.896295330778749622e-02,-2.385282457788812788e-02,-6.264322988675045945e-02,-4.175892947645350184e-02,-5.393471033210310572e-02,-4.550546013488702968e-02,-5.337919532823774682e-02,-4.324927868070288506e-02,-5.896516084892847176e-02,-3.210865645206847918e-02,-7.765847600454063582e-02,9.372704783705786830e-03,-2.905864524101078872e-01,9.999999999999976685e-01,1.380536775330602484e-01,5.400495217962647532e-01,3.379661686518307673e-01,4.493570115054904002e-01,3.839115536704351683e-01,4.288058246759341996e-01,3.884482243111823108e-01,4.380950373433251110e-01,3.623520696363514149e-01,4.884286783898371676e-01,2.676501578269052106e-01,6.449017458339041386e-01,-7.765848101273691018e-02,5.440948537024635490e-02,1.380536775330602484e-01,9.999999999999976685e-01,-5.582145164530108450e-02,2.587538141498926247e-01,1.306325190000008907e-01,1.874182064914498569e-01,1.639524611270693488e-01,1.688259991319202291e-01,1.781422390043244097e-01,1.526310420800464640e-01,2.018484779325171452e-01,1.117812465586402737e-01,2.676501615068140882e-01,-3.210865834401629981e-02,-9.896295330778749622e-02,5.400495217962647532e-01,-5.582145164530108450e-02,9.999999999999976685e-01,6.194292714168898178e-02,4.189801723644885900e-01,2.528171112937126486e-01,3.429756992636905366e-01,2.844651459861766152e-01,3.364235951246133949e-01,2.716335832858612909e-01,3.709853197610388786e-01,2.018484728731875788e-01,4.884286800986302746e-01,-5.896516562368825376e-02,-2.385282457788812788e-02,3.379661686518307673e-01,2.587538141498926247e-01,6.194292714168898178e-02,9.999999999999976685e-01,-1.187542716588517455e-03,3.239645786099175084e-01,1.903260501771460445e-01,2.445080193042298011e-01,2.337855289130738590e-01,2.109804253552363673e-01,2.716335817473954917e-01,1.526310406419490451e-01,3.623520680843539954e-01,-4.324928195003031883e-02,-6.264322988675045945e-02,4.493570115054904002e-01,1.306325190000008907e-01,4.189801723644885900e-01,-1.187542716588517455e-03,9.999999999999976685e-01,3.265180791694860529e-02,3.841016410112356172e-01,2.175993818651447698e-01,3.186612812504161507e-01,2.337855345684331232e-01,3.364235986525577204e-01,1.781422390257443866e-01,4.380950429280739966e-01,-5.337919791514699613e-02,-4.175892947645350184e-02,3.839115536704351683e-01,1.874182064914498569e-01,2.528171112937126486e-01,3.239645786099175084e-01,3.265180791694860529e-02,9.999999999999976685e-01,1.827099663126896534e-02,3.388131854957767697e-01,2.175993786200136337e-01,2.445080181873791614e-01,2.844651475871116664e-01,1.688259950201890791e-01,3.884482261283583870e-01,-4.550546539912246613e-02,-5.393471033210310572e-02,4.288058246759341996e-01,1.639524611270693488e-01,3.429756992636905366e-01,1.903260501771460445e-01,3.841016410112356172e-01,1.827099663126896534e-02,9.999999999999976685e-01,1.827099901109555113e-02,3.841016379051138685e-01,1.903260542893276952e-01,3.429756989912509657e-01,1.639524610469258459e-01,4.288058248650951088e-01,-5.393471105825639600e-02,-4.550546013488702968e-02,3.884482243111823108e-01,1.688259991319202291e-01,2.844651459861766152e-01,2.445080193042298011e-01,2.175993818651447698e-01,3.388131854957767697e-01,1.827099901109555113e-02,9.999999999999976685e-01,3.265180536878034556e-02,3.239645802538804187e-01,2.528171172719025361e-01,1.874182012927090302e-01,3.839115611225859537e-01,-4.175893712973766103e-02,-5.337919532823774682e-02,4.380950373433251110e-01,1.781422390043244097e-01,3.364235951246133949e-01,2.337855289130738590e-01,3.186612812504161507e-01,2.175993786200136337e-01,3.841016379051138685e-01,3.265180536878034556e-02,9.999999999999976685e-01,-1.187543606629527099e-03,4.189801682239895353e-01,1.306325186197870580e-01,4.493570068689194952e-01,-6.264322943546131450e-02,-4.324927868070288506e-02,3.623520696363514149e-01,1.526310420800464640e-01,2.716335832858612909e-01,2.109804253552363673e-01,2.337855345684331232e-01,2.445080181873791614e-01,1.903260542893276952e-01,3.239645802538804187e-01,-1.187543606629527099e-03,9.999999999999976685e-01,6.194293409646353665e-02,2.587538106925032499e-01,3.379661760400401449e-01,-2.385283032144288468e-02,-5.896516084892847176e-02,4.884286783898371676e-01,2.018484779325171452e-01,3.709853197610388786e-01,2.716335817473954917e-01,3.364235986525577204e-01,2.844651475871116664e-01,3.429756989912509657e-01,2.528171172719025361e-01,4.189801682239895353e-01,6.194293409646353665e-02,9.999999999999976685e-01,-5.582145272917860696e-02,5.400495250086003729e-01,-9.896295542589907124e-02,-3.210865645206847918e-02,2.676501578269052106e-01,1.117812465586402737e-01,2.018484728731875788e-01,1.526310406419490451e-01,1.781422390257443866e-01,1.688259950201890791e-01,1.639524610469258459e-01,1.874182012927090302e-01,1.306325186197870580e-01,2.587538106925032499e-01,-5.582145272917860696e-02,9.999999999999976685e-01,1.380536781021441672e-01,5.440948087603636463e-02,-7.765847600454063582e-02,6.449017458339041386e-01,2.676501615068140882e-01,4.884286800986302746e-01,3.623520680843539954e-01,4.380950429280739966e-01,3.884482261283583870e-01,4.288058248650951088e-01,3.839115611225859537e-01,4.493570068689194952e-01,3.379661760400401449e-01,5.400495250086003729e-01,1.380536781021441672e-01,9.999999999999976685e-01,-2.905864548023886496e-01,9.372704783705786830e-03,-7.765848101273691018e-02,-3.210865834401629981e-02,-5.896516562368825376e-02,-4.324928195003031883e-02,-5.337919791514699613e-02,-4.550546539912246613e-02,-5.393471105825639600e-02,-4.175893712973766103e-02,-6.264322943546131450e-02,-2.385283032144288468e-02,-9.896295542589907124e-02,5.440948087603636463e-02,-2.905864548023886496e-01,9.999999999999976685e-01
1.000000000000003109e+00,-3.204763180212427676e-01,4.873039892533043149e-02,-1.265710762680393731e-01,-3.628864067425557893e-02,-8.571788103632232980e-02,-5.742237050188071790e-02,-7.525194114525414479e-02,-6.178265767696893007e-02,-7.520225935840021969e-02,-5.774476093902684848e-02,-8.410457479286564952e-02,-4.069154356438181575e-02,-1.112410003276141646e-01,1.873911784776466360e-02,-3.204763180212427676e-01,1.000000000000003109e+00,1.137413645201385271e-01,5.519795408437750961e-01,3.202178852218968697e-01,4.548485208054444673e-01,3.714755152690255580e-01,4.314410869663992676e-01,3.765990268065125268e-01,4.424368083554215403e-01,3.463492832084634765e-01,4.988453077272480551e-01,2.429372409901640328e-01,6.613720018727560213e-01,-1.112410013759622673e-01,4.873039892533043149e-02,1.137413645201385271e-01,1.000000000000003109e+00,-8.516381957326252250e-02,2.456228932643218510e-01,1.047181478675418276e-01,1.692895121522602353e-01,1.415636191062608629e-01,1.479822752755312054e-01,1.577339639089687662e-01,1.302976543088203432e-01,1.820417604475070006e-01,9.024635176464815278e-02,2.429372414056691076e-01,-4.069154375902303555e-02,-1.265710762680393731e-01,5.519795408437750961e-01,-8.516381957326252250e-02,1.000000000000003109e+00,4.192548447302173187e-02,4.273147051208846525e-01,2.376651581688479231e-01,3.465397178544901147e-01,2.722018286730727432e-01,3.394946431036395262e-01,2.575501138236931942e-01,3.776799060556642607e-01,1.820417594102623216e-01,4.988453077819805515e-01,-8.410457597535396512e-02,-3.628864067425557893e-02,3.202178852218968697e-01,2.456228932643218510e-01,4.192548447302173187e-02,1.000000000000003109e+00,-2.805142486911112870e-02,3.142209426386919913e-01,1.681541413954756314e-01,2.287401437222068012e-01,2.164557371100104821e-01,1.909659805825661416e-01,2.575501140994647664e-01,1.302976537799271084e-01,3.463492830287978608e-01,-5.774476143905116210e-02,-8.571788103632232980e-02,4.548485208054444673e-01,1.047181478675418276e-01,4.273147051208846525e-01,-2.805142486911112870e-02,1.000000000000003109e+00,1.077623753886425284e-02,3.892309697752925901e-01,1.992625641021831540e-01,3.206180727343717618e-01,2.164557386172260567e-01,3.394946439815288985e-01,1.577339653711684053e-01,4.424368097638650132e-01,-7.520225986484364855e-02,-5.742237050188071790e-02,3.714755152690255580e-01,1.692895121522602353e-01,2.376651581688479231e-01,3.142209426386919913e-01,1.077623753886425284e-02,1.000000000000003109e+00,-5.998854605345438351e-03,3.306780092429525419e-01,1.992625625602622574e-01,2.287401428271296777e-01,2.722018291500941101e-01,1.479822728359959094e-01,3.765990268250618556e-01,-6.178265896875599628e-02,-7.525194114525414479e-02,4.314410869663992676e-01,1.415636191062608629e-01,3.465397178544901147e-01,1.681541413954756314e-01,3.892309697752925901e-01,-5.998854605345438351e-03,1.000000000000003109e+00,-5.998852873786458817e-03,3.892309683497900963e-01,1.681541422984507705e-01,3.465397174566265948e-01,1.415636207847369987e-01,4.314410861562334443e-01,-7.525194056882088256e-02,-6.178265767696893007e-02,3.765990268065125268e-01,1.479822752755312054e-01,2.722018286730727432e-01,2.287401437222068012e-01,1.992625641021831540e-01,3.306780092429525419e-01,-5.998852873786458817e-03,1.000000000000003109e+00,1.077623752156696424e-02,3.142209436216891749e-01,2.376651608351492417e-01,1.692895101845292016e-01,3.714755188376215322e-01,-5.742237321702568092e-02,-7.520225935840021969e-02,4.424368083554215403e-01,1.577339639089687662e-01,3.394946431036395262e-01,2.164557371100104821e-01,3.206180727343717618e-01,1.992625625602622574e-01,3.892309683497900963e-01,1.077623752156696424e-02,1.000000000000003109e+00,-2.805142590013731674e-02,4.273147038407568710e-01,1.047181487465576877e-01,4.548485184445277829e-01,-8.571787997955443439e-02,-5.774476093902684848e-02,3.463492832084634765e-01,1.302976543088203432e-01,2.575501138236931942e-01,1.909659805825661416e-01,2.164557386172260567e-01,2.287401428271296777e-01,1.681541422984507705e-01,3.142209436216891749e-01,-2.805142590013731674e-02,1.000000000000003109e+00,4.192548643198344693e-02,2.456228916247288896e-01,3.202178872662432840e-01,-3.628864238853247992e-02,-8.410457479286564952e-02,4.988453077272480551e-01,1.820417604475070006e-01,3.776799060556642607e-01,2.575501140994647664e-01,3.394946439815288985e-01,2.722018291500941101e-01,3.465397174566265948e-01,2.376651608351492417e-01,4.273147038407568710e-01,4.192548643198344693e-02,1.000000000000003109e+00,-8.516381890951271738e-02,5.519795416775303831e-01,-1.265710764755009765e-01,-4.069154356438181575e-02,2.429372409901640328e-01,9.024635176464815278e-02,1.820417594102623216e-01,1.302976537799271084e-01,1.577339653711684053e-01,1.479822728359959094e-01,1.415636207847369987e-01,1.692895101845292016e-01,1.047181487465576877e-01,2.456228916247288896e-01,-8.516381890951271738e-02,1.000000000000003109e+00,1.137413650177489521e-01,4.873039785403394941e-02,-1.112410003276141646e-01,6.613720018727560213e-01,2.429372414056691076e-01,4.988453077819805515e-01,3.463492830287978608e-01,4.424368097638650132e-01,3.765990268250618556e-01,4.314410861562334443e-01,3.714755188376215322e-01,4.548485184445277829e-01,3.202178872662432840e-01,5.519795416775303831e-01,1.137413650177489521e-01,1.000000000000003109e+00,-3.204763185032323825e-01,1.873911784776466360e-02,-1.112410013759622673e-01,-4.069154375902303555e-02,-8.410457597535396512e-02,-5.774476143905116210e-02,-7.520225986484364855e-02,-6.178265896875599628e-02,-7.525194056882088256e-02,-5.742237321702568092e-02,-8.571787997955443439e-02,-3.628864238853247992e-02,-1.265710764755009765e-01,4.873039785403394941e-02,-3.204763185032323825e-01,1.000000000000003109e+00
1.000000000000003109e+00,-3.498840856247805164e-01,4.557930252559715123e-02,-1.547009705492427001e-01,-4.624499472073453216e-02,-1.091739404761236931e-01,-7.091020017881233262e-02,-9.678397013180572994e-02,-7.590313292811931567e-02,-9.741901158903155944e-02,-6.968844021196016203e-02,-1.101285564892767743e-01,-4.607234503948743481e-02,-1.458252952326821172e-01,3.135497254896996155e-02,-3.498840856247805164e-01,1.000000000000003109e+00,8.753266864632049116e-02,5.657670226226974020e-01,2.998602341445173458e-01,4.625989154456963681e-01,3.565126298666599913e-01,4.362771211740227306e-01,3.622192628647243895e-01,4.490983144908285429e-01,3.275863616401282208e-01,5.115770786683236926e-01,2.156088021412778111e-01,6.790197207484013342e-01,-1.458252964962229725e-01,4.557930252559715123e-02,8.753266864632049116e-02,1.000000000000003109e+00,-1.147814584006725536e-01,2.327290290877710999e-01,7.785889722064624763e-02,1.512883794503797896e-01,1.183332751419889362e-01,1.271157728591232883e-01,1.364656440443391405e-01,1.081664689973659971e-01,1.608102494470617927e-01,6.988968403399704876e-02,2.156088025260632368e-01,-4.607234527716910777e-02,-1.547009705492427001e-01,5.657670226226974020e-01,-1.147814584006725536e-01,1.000000000000003109e+00,2.116504668576532980e-02,4.382321115202181261e-01,2.211991982453608285e-01,3.529915312878557088e-01,2.585835951343459782e-01,3.455071943657125333e-01,2.420109903875019564e-01,3.872958082650249656e-01,1.608102484645911878e-01,5.115770787633429073e-01,-1.101285577904627805e-01,-4.624499472073453216e-02,2.998602341445173458e-01,2.327290290877710999e-01,2.116504668576532980e-02,1.000000000000003109e+00,-5.546244803865985756e-02,3.039753919135938509e-01,1.448618194819610849e-01,2.123955269840340221e-01,1.980368982873702555e-01,1.703707575321233292e-01,2.420109908457421244e-01,1.081664681456796229e-01,3.275863616307808091e-01,-6.968844106185501097e-02,-1.091739404761236931e-01,4.625989154456963681e-01,7.785889722064624763e-02,4.382321115202181261e-01,-5.546244803865985756e-02,1.000000000000003109e+00,-1.148582134852840775e-02,3.971244731233557479e-01,1.798840254675528327e-01,3.256644245170301488e-01,1.980369004052113246e-01,3.455071950284187010e-01,1.364656464471075414e-01,4.490983160595805601e-01,-9.741901189967966390e-02,-7.091020017881233262e-02,3.565126298666599913e-01,1.512883794503797896e-01,2.211991982453608285e-01,3.039753919135938509e-01,-1.148582134852840775e-02,1.000000000000003109e+00,-3.074785392923662375e-02,3.219321408240787274e-01,1.798840233174680558e-01,2.123955254108281232e-01,2.585835957817844144e-01,1.271157692417443918e-01,3.622192628078453880e-01,-7.590313481993946065e-02,-9.678397013180572994e-02,4.362771211740227306e-01,1.183332751419889362e-01,3.529915312878557088e-01,1.448618194819610849e-01,3.971244731233557479e-01,-3.074785392923662375e-02,1.000000000000003109e+00,-3.074785126212534192e-02,3.971244711843524011e-01,1.448618207594724039e-01,3.529915304056774339e-01,1.183332778118652007e-01,4.362771198888746871e-01,-9.678396894475498058e-02,-7.590313292811931567e-02,3.622192628647243895e-01,1.271157728591232883e-01,2.585835951343459782e-01,2.123955269840340221e-01,1.798840254675528327e-01,3.219321408240787274e-01,-3.074785126212534192e-02,1.000000000000003109e+00,-1.148582090613406437e-02,3.039753931919708108e-01,2.211992019299496848e-01,1.512883769504599629e-01,3.565126349568676911e-01,-7.091020399738406921e-02,-9.741901158903155944e-02,4.490983144908285429e-01,1.364656440443391405e-01,3.455071943657125333e-01,1.980368982873702555e-01,3.256644245170301488e-01,1.798840233174680558e-01,3.971244711843524011e-01,-1.148582090613406437e-02,1.000000000000003109e+00,-5.546244936172085860e-02,4.382321098074176136e-01,7.785889859016864589e-02,4.625989122972433143e-01,-1.091739387463195599e-01,-6.968844021196016203e-02,3.275863616401282208e-01,1.081664689973659971e-01,2.420109903875019564e-01,1.703707575321233292e-01,1.980369004052113246e-01,2.123955254108281232e-01,1.448618207594724039e-01,3.039753931919708108e-01,-5.546244936172085860e-02,1.000000000000003109e+00,2.116504902386360382e-02,2.327290270168594077e-01,2.998602368716193345e-01,-4.624499711527393919e-02,-1.101285564892767743e-01,5.115770786683236926e-01,1.608102494470617927e-01,3.872958082650249656e-01,2.420109908457421244e-01,3.455071950284187010e-01,2.585835957817844144e-01,3.529915304056774339e-01,2.211992019299496848e-01,4.382321098074176136e-01,2.116504902386360382e-02,1.000000000000003109e+00,-1.147814574705497415e-01,5.657670234544825982e-01,-1.547009706037322796e-01,-4.607234503948743481e-02,2.156088021412778111e-01,6.988968403399704876e-02,1.608102484645911878e-01,1.081664681456796229e-01,1.364656464471075414e-01,1.271157692417443918e-01,1.183332778118652007e-01,1.512883769504599629e-01,7.785889859016864589e-02,2.327290270168594077e-01,-1.147814574705497415e-01,1.000000000000003109e+00,8.753266956797700615e-02,4.557930104246096098e-02,-1.458252952326821172e-01,6.790197207484013342e-01,2.156088025260632368e-01,5.115770787633429073e-01,3.275863616307808091e-01,4.490983160595805601e-01,3.622192628078453880e-01,4.362771198888746871e-01,3.565126349568676911e-01,4.625989122972433143e-01,2.998602368716193345e-01,5.657670234544825982e-01,8.753266956797700615e-02,1.000000000000003109e+00,-3.498840861376191769e-01,3.135497254896996155e-02,-1.458252964962229725e-01,-4.607234527716910777e-02,-1.101285577904627805e-01,-6.968844106185501097e-02,-9.741901189967966390e-02,-7.590313481993946065e-02,-9.678396894475498058e-02,-7.091020399738406921e-02,-1.091739387463195599e-01,-4.624499711527393919e-02,-1.547009706037322796e-01,4.557930104246096098e-02,-3.498840861376191769e-01,1.000000000000003109e+00
9.999999999999991118e-01,-3.787373154459476310e-01,4.521844357776313994e-02,-1.834745407552542118e-01,-5.326399406447300533e-02,-1.332934855690030562e-01,-8.168627446752954602e-02,-1.188694714212883974e-01,-8.730607800289659493e-02,-1.203699839403099409e-01,-7.853999050571774942e-02,-1.372782766461856929e-01,-4.786516677710485335e-02,-1.813594555308754297e-01,4.718512151998328907e-02,-3.787373154459476310e-01,9.999999999999991118e-01,5.917537514655663022e-02,5.815740096261199366e-01,2.763343037967244120e-01,4.730646507965593495e-01,3.382810272404602747e-01,4.438889037845151764e-01,3.445428503923253505e-01,4.585909735616909289e-01,3.054322166414912276e-01,5.268789796769366429e-01,1.853425848593721614e-01,6.977797752328257497e-01,-1.813594572253314219e-01,4.521844357776313994e-02,5.917537514655663022e-02,9.999999999999991118e-01,-1.446188907712688265e-01,2.202128745348186367e-01,4.996599896540716845e-02,1.336245836881388149e-01,9.407944113215915838e-02,1.065067963644766857e-01,1.140572939655513512e-01,8.662862954227382173e-02,1.377678321478677526e-01,5.120302057289718989e-02,1.853425855530476396e-01,-4.786516715563660790e-02,-1.834745407552542118e-01,5.815740096261199366e-01,-1.446188907712688265e-01,9.999999999999991118e-01,-6.382193909371842999e-04,4.520649631499328303e-01,2.029279528908131125e-01,3.628587109251571463e-01,2.430294440447958448e-01,3.550124717088438686e-01,2.244778277140391243e-01,4.002563550287044913e-01,1.377678310320809840e-01,5.268789800879339902e-01,-1.372782783207703028e-01,-5.326399406447300533e-02,2.763343037967244120e-01,2.202128745348186367e-01,-6.382193909371842999e-04,9.999999999999991118e-01,-8.341188818910461045e-02,2.931174609122763619e-01,1.202877159791390788e-01,1.954768461714493366e-01,1.781929026125272097e-01,1.493691964072582368e-01,2.244778280025951367e-01,8.662862827868335336e-02,3.054322165525760746e-01,-7.853999166690897593e-02,-1.332934855690030562e-01,4.730646507965593495e-01,4.996599896540716845e-02,4.520649631499328303e-01,-8.341188818910461045e-02,9.999999999999991118e-01,-3.430741354965677337e-02,4.082462486482334452e-01,1.591592683634928951e-01,3.343870246430363791e-01,1.781929055493981229e-01,3.550124723330336796e-01,1.140572968750950822e-01,4.585909756816221039e-01,-1.203699844173317657e-01,-8.168627446752954602e-02,3.382810272404602747e-01,1.336245836881388149e-01,2.029279528908131125e-01,2.931174609122763619e-01,-3.430741354965677337e-02,9.999999999999991118e-01,-5.604690106300519448e-02,3.123687107944143060e-01,1.591592654623263936e-01,1.954768442089366842e-01,2.430294446362347704e-01,1.065067918066002761e-01,3.445428502176535179e-01,-8.730608040938105108e-02,-1.188694714212883974e-01,4.438889037845151764e-01,9.407944113215915838e-02,3.628587109251571463e-01,1.202877159791390788e-01,4.082462486482334452e-01,-5.604690106300519448e-02,9.999999999999991118e-01,-5.604689754425171144e-02,4.082462462914656642e-01,1.202877176343578325e-01,3.628587096934045575e-01,9.407944419988731322e-02,4.438889023496199737e-01,-1.188694700141490757e-01,-8.730607800289659493e-02,3.445428503923253505e-01,1.065067963644766857e-01,2.430294440447958448e-01,1.954768461714493366e-01,1.591592683634928951e-01,3.123687107944143060e-01,-5.604689754425171144e-02,9.999999999999991118e-01,-3.430741291586572594e-02,2.931174626414359552e-01,2.029279572816275468e-01,1.336245808197517038e-01,3.382810336204652435e-01,-8.168627927974923819e-02,-1.203699839403099409e-01,4.585909735616909289e-01,1.140572939655513512e-01,3.550124717088438686e-01,1.781929026125272097e-01,3.343870246430363791e-01,1.591592654623263936e-01,4.082462462914656642e-01,-3.430741291586572594e-02,9.999999999999991118e-01,-8.341188968148928462e-02,4.520649609165964811e-01,4.996600029552281108e-02,4.730646470087188638e-01,-1.332934834951498837e-01,-7.853999050571774942e-02,3.054322166414912276e-01,8.662862954227382173e-02,2.244778277140391243e-01,1.493691964072582368e-01,1.781929055493981229e-01,1.954768442089366842e-01,1.202877176343578325e-01,2.931174626414359552e-01,-8.341188968148928462e-02,9.999999999999991118e-01,-6.382165438607659280e-04,2.202128722011487127e-01,2.763343073989943943e-01,-5.326399717054990102e-02,-1.372782766461856929e-01,5.268789796769366429e-01,1.377678321478677526e-01,4.002563550287044913e-01,2.244778280025951367e-01,3.550124723330336796e-01,2.430294446362347704e-01,3.628587096934045575e-01,2.029279572816275468e-01,4.520649609165964811e-01,-6.382165438607659280e-04,9.999999999999991118e-01,-1.446188901236171165e-01,5.815740105228550672e-01,-1.834745409428354679e-01,-4.786516677710485335e-02,1.853425848593721614e-01,5.120302057289718989e-02,1.377678310320809840e-01,8.662862827868335336e-02,1.140572968750950822e-01,1.065067918066002761e-01,9.407944419988731322e-02,1.336245808197517038e-01,4.996600029552281108e-02,2.202128722011487127e-01,-1.446188901236171165e-01,9.999999999999991118e-01,5.917537631925403468e-02,4.521844163485680412e-02,-1.813594555308754297e-01,6.977797752328257497e-01,1.853425855530476396e-01,5.268789800879339902e-01,3.054322165525760746e-01,4.585909756816221039e-01,3.445428502176535179e-01,4.438889023496199737e-01,3.382810336204652435e-01,4.730646470087188638e-01,2.763343073989943943e-01,5.815740105228550672e-01,5.917537631925403468e-02,9.999999999999991118e-01,-3.787373161046313497e-01,4.718512151998328907e-02,-1.813594572253314219e-01,-4.786516715563660790e-02,-1.372782783207703028e-01,-7.853999166690897593e-02,-1.203699844173317657e-01,-8.730608040938105108e-02,-1.188694700141490757e-01,-8.168627927974923819e-02,-1.332934834951498837e-01,-5.326399717054990102e-02,-1.834745409428354679e-01,4.521844163485680412e-02,-3.787373161046313497e-01,9.999999999999991118e-01
9.999999999999986677e-01,-4.069687729649282271e-01,4.791983078535056589e-02,-2.130434635958997625e-01,-5.681301476537405082e-02,-1.584482346683530052e-01,-8.909107886664030529e-02,-1.419686533640076298e-01,-9.530066867884234849e-02,-1.444974203511947275e-01,-8.367116632324399228e-02,-1.658307015813220986e-01,-4.567335580561678043e-02,-2.177759987492754734e-01,6.615162360366949601e-02,-4.069687729649282271e-01,9.999999999999986677e-01,2.839960112771351686e-02,5.995808319973829903e-01,2.489927429035429240e-01,4.867839889650280583e-01,3.158912885508347590e-01,4.549707373043588299e-01,3.226511957916121109e-01,4.715165684209981500e-01,2.791585660501735289e-01,5.450263511929783755e-01,1.517981184581757570e-01,7.175774485370152167e-01,-2.177760002983465393e-01,4.791983078535056589e-02,2.839960112771351686e-02,9.999999999999986677e-01,-1.746254219112530204e-01,2.082697367699359314e-01,2.090549508935149112e-02,1.166046197177259269e-01,6.853356976302886483e-02,8.656202140059841843e-02,9.012202910922595400e-02,6.620668523957859430e-02,1.124448165840440661e-01,3.477001835855032114e-02,1.517981197285172001e-01,-4.567335626237452317e-02,-2.130434635958997625e-01,5.995808319973829903e-01,-1.746254219112530204e-01,9.999999999999986677e-01,-2.386026989482222666e-02,4.691903910507886910e-01,1.822291387763357584e-01,3.767591719043310583e-01,2.248040035432276595e-01,3.686540394284043010e-01,2.042781533859416021e-01,4.170395429311659630e-01,1.124448148760342076e-01,5.450263516604614278e-01,-1.658307031890199346e-01,-5.681301476537405082e-02,2.489927429035429240e-01,2.082697367699359314e-01,-2.386026989482222666e-02,9.999999999999986677e-01,-1.119004362341006753e-01,2.815711193305248106e-01,9.421082183550058553e-02,1.780660184966595949e-01,1.564759950902839258e-01,1.282579044056090245e-01,2.042781532514879594e-01,6.620668433383326834e-02,2.791585657265179821e-01,-8.367116720706306576e-02,-1.584482346683530052e-01,4.867839889650280583e-01,2.090549508935149112e-02,4.691903910507886910e-01,-1.119004362341006753e-01,9.999999999999986677e-01,-5.793010799613251827e-02,4.231225310124523964e-01,1.366836181948350437e-01,3.474615213080815557e-01,1.564759981744515138e-01,3.686540409449718392e-01,9.012203095806685382e-02,4.715165713796859448e-01,-1.444974212172006611e-01,-8.909107886664030529e-02,3.158912885508347590e-01,1.166046197177259269e-01,1.822291387763357584e-01,2.815711193305248106e-01,-5.793010799613251827e-02,9.999999999999986677e-01,-8.200090979456481355e-02,3.017985858447628233e-01,1.366836145554392867e-01,1.780660168919582786e-01,2.248040033937117321e-01,8.656201740969568514e-02,3.226511950856638666e-01,-9.530067057320129598e-02,-1.419686533640076298e-01,4.549707373043588299e-01,6.853356976302886483e-02,3.767591719043310583e-01,9.421082183550058553e-02,4.231225310124523964e-01,-8.200090979456481355e-02,9.999999999999986677e-01,-8.200090604473526945e-02,4.231225288069487833e-01,9.421082289591668768e-02,3.767591713557530975e-01,6.853357152498773530e-02,4.549707362183621484e-01,-1.419686522008631047e-01,-9.530066867884234849e-02,3.226511957916121109e-01,8.656202140059841843e-02,2.248040035432276595e-01,1.780660184966595949e-01,1.366836181948350437e-01,3.017985858447628233e-01,-8.200090604473526945e-02,9.999999999999986677e-01,-5.793010779010560052e-02,2.815711216391345029e-01,1.822291427591971602e-01,1.166046173572221345e-01,3.158912947326805720e-01,-8.909108331889219190e-02,-1.444974203511947275e-01,4.715165684209981500e-01,9.012202910922595400e-02,3.686540394284043010e-01,1.564759950902839258e-01,3.474615213080815557e-01,1.366836145554392867e-01,4.231225288069487833e-01,-5.793010779010560052e-02,9.999999999999986677e-01,-1.119004383546845227e-01,4.691903888723849558e-01,2.090549522952234174e-02,4.867839849632533133e-01,-1.584482326428965360e-01,-8.367116632324399228e-02,2.791585660501735289e-01,6.620668523957859430e-02,2.042781533859416021e-01,1.282579044056090245e-01,1.564759981744515138e-01,1.780660168919582786e-01,9.421082289591668768e-02,2.815711216391345029e-01,-1.119004383546845227e-01,9.999999999999986677e-01,-2.386026699424149966e-02,2.082697345722389626e-01,2.489927462114064349e-01,-5.681301745306151230e-02,-1.658307015813220986e-01,5.450263511929783755e-01,1.124448165840440661e-01,4.170395429311659630e-01,2.042781532514879594e-01,3.686540409449718392e-01,2.248040033937117321e-01,3.767591713557530975e-01,1.822291427591971602e-01,4.691903888723849558e-01,-2.386026699424149966e-02,9.999999999999986677e-01,-1.746254220133632296e-01,5.995808331773138100e-01,-2.130434640417743219e-01,-4.567335580561678043e-02,1.517981184581757570e-01,3.477001835855032114e-02,1.124448148760342076e-01,6.620668433383326834e-02,9.012203095806685382e-02,8.656201740969568514e-02,6.853357152498773530e-02,1.166046173572221345e-01,2.090549522952234174e-02,2.082697345722389626e-01,-1.746254220133632296e-01,9.999999999999986677e-01,2.839960156229215035e-02,4.791982922017894164e-02,-2.177759987492754734e-01,7.175774485370152167e-01,1.517981197285172001e-01,5.450263516604614278e-01,2.791585657265179821e-01,4.715165713796859448e-01,3.226511950856638666e-01,4.549707362183621484e-01,3.158912947326805720e-01,4.867839849632533133e-01,2.489927462114064349e-01,5.995808331773138100e-01,2.839960156229215035e-02,9.999999999999986677e-01,-4.069687734675282442e-01,6.615162360366949601e-02,-2.177760002983465393e-01,-4.567335626237452317e-02,-1.658307031890199346e-01,-8.367116720706306576e-02,-1.444974212172006611e-01,-9.530067057320129598e-02,-1.419686522008631047e-01,-8.909108331889219190e-02,-1.584482326428965360e-01,-5.681301745306151230e-02,-2.130434640417743219e-01,4.791982922017894164e-02,-4.069687734675282442e-01,9.999999999999986677e-01
9.999999999999966693e-01,-4.345174013135671975e-01,5.396325912040797479e-02,-2.435859224059594985e-01,-5.627886772379687985e-02,-1.851006927684913927e-01,-9.232685539995034996e-02,-1.666683114303636470e-01,-9.905162072483621183e-02,-1.703442605749873051e-01,-8.436203733195082877e-02,-1.960895722323949819e-01,-3.909551259357427200e-02,-2.549892855148718218e-01,8.813397376550255458e-02,-4.345174013135671975e-01,9.999999999999966693e-01,-5.073088855307353491e-03,6.199743466426802518e-01,2.171076092656597234e-01,5.043599625985442092e-01,2.883102066941454211e-01,4.703190510875513430e-01,2.954775307861632894e-01,4.885479264082592810e-01,2.479497034441848213e-01,5.662981803524338442e-01,1.146284748162963163e-01,7.383242335339961215e-01,-2.549892858177420507e-01,5.396325912040797479e-02,-5.073088855307353491e-03,9.999999999999966693e-01,-2.047601459546722347e-01,1.971712442311549518e-01,-9.515964353724100377e-03,1.006695752988179121e-01,4.131788917103852710e-02,6.785695782698883405e-02,6.414791249270181128e-02,4.758645460500230545e-02,8.428761129217558767e-02,2.127687825036420760e-02,1.146284762455961614e-01,-3.909551281542454626e-02,-2.435859224059594985e-01,6.199743466426802518e-01,-2.047601459546722347e-01,9.999999999999966693e-01,-4.895583560716037369e-02,4.900173783958659546e-01,1.583374242043016633e-01,3.953891222770830050e-01,2.030030500494636736e-01,3.871544376955076139e-01,1.805957797019404898e-01,4.381617205678434712e-01,8.428760889048116101e-02,5.662981805671183366e-01,-1.960895729599121118e-01,-5.627886772379687985e-02,2.171076092656597234e-01,1.971712442311549518e-01,-4.895583560716037369e-02,9.999999999999966693e-01,-1.409484259152897767e-01,2.693339265620807166e-01,6.632872577609374987e-02,1.603763532686016680e-01,1.323031218643517248e-01,1.075055067800076980e-01,1.805957792488111502e-01,4.758645577748805283e-02,2.479497034359522400e-01,-8.436203725641176765e-02,-1.851006927684913927e-01,5.043599625985442092e-01,-9.515964353724100377e-03,4.900173783958659546e-01,-1.409484259152897767e-01,9.999999999999966693e-01,-8.267645781639698654e-02,4.423253358563656867e-01,1.119304345272745249e-01,3.656385166543588694e-01,1.323031231170598843e-01,3.871544409622986183e-01,6.414791132385774808e-02,4.885479297750880412e-01,-1.703442617326912101e-01,-9.232685539995034996e-02,2.883102066941454211e-01,1.006695752988179121e-01,1.583374242043016633e-01,2.693339265620807166e-01,-8.267645781639698654e-02,9.999999999999966693e-01,-1.087616912200919939e-01,2.900944200504999015e-01,1.119304307550091360e-01,1.603763531357867145e-01,2.030030480979957974e-01,6.785695709474584558e-02,2.954775293083707899e-01,-9.905162065139778982e-02,-1.666683114303636470e-01,4.703190510875513430e-01,4.131788917103852710e-02,3.953891222770830050e-01,6.632872577609374987e-02,4.423253358563656867e-01,-1.087616912200919939e-01,9.999999999999966693e-01,-1.087616886165610197e-01,4.423253350299874431e-01,6.632872393586219939e-02,3.953891241392935574e-01,4.131788746599635020e-02,4.703190508255278290e-01,-1.666683109640806348e-01,-9.905162072483621183e-02,2.954775307861632894e-01,6.785695782698883405e-02,2.030030500494636736e-01,1.603763532686016680e-01,1.119304345272745249e-01,2.900944200504999015e-01,-1.087616886165610197e-01,9.999999999999966693e-01,-8.267645865539842431e-02,2.693339295138778011e-01,1.583374252468664201e-01,1.006695753926883791e-01,2.883102100317077032e-01,-9.232685714163971213e-02,-1.703442605749873051e-01,4.885479264082592810e-01,6.414791249270181128e-02,3.871544376955076139e-01,1.323031218643517248e-01,3.656385166543588694e-01,1.119304307550091360e-01,4.423253350299874431e-01,-8.267645865539842431e-02,9.999999999999966693e-01,-1.409484296400632108e-01,4.900173779097540261e-01,-9.515966746648478122e-03,5.043599594554645238e-01,-1.851006913791490016e-01,-8.436203733195082877e-02,2.479497034441848213e-01,4.758645460500230545e-02,1.805957797019404898e-01,1.075055067800076980e-01,1.323031231170598843e-01,1.603763531357867145e-01,6.632872393586219939e-02,2.693339295138778011e-01,-1.409484296400632108e-01,9.999999999999966693e-01,-4.895583465973077364e-02,1.971712432254915937e-01,2.171076095061476308e-01,-5.627886776361180898e-02,-1.960895722323949819e-01,5.662981803524338442e-01,8.428761129217558767e-02,4.381617205678434712e-01,1.805957792488111502e-01,3.871544409622986183e-01,2.030030480979957974e-01,3.953891241392935574e-01,1.583374252468664201e-01,4.900173779097540261e-01,-4.895583465973077364e-02,9.999999999999966693e-01,-2.047601468680651515e-01,6.199743480257327022e-01,-2.435859229797521230e-01,-3.909551259357427200e-02,1.146284748162963163e-01,2.127687825036420760e-02,8.428760889048116101e-02,4.758645577748805283e-02,6.414791132385774808e-02,6.785695709474584558e-02,4.131788746599635020e-02,1.006695753926883791e-01,-9.515966746648478122e-03,1.971712432254915937e-01,-2.047601468680651515e-01,9.999999999999966693e-01,-5.073090065216546291e-03,5.396325915509313231e-02,-2.549892855148718218e-01,7.383242335339961215e-01,1.146284762455961614e-01,5.662981805671183366e-01,2.479497034359522400e-01,4.885479297750880412e-01,2.954775293083707899e-01,4.703190508255278290e-01,2.883102100317077032e-01,5.043599594554645238e-01,2.171076095061476308e-01,6.199743480257327022e-01,-5.073090065216546291e-03,9.999999999999966693e-01,-4.345174011005830117e-01,8.813397376550255458e-02,-2.549892858177420507e-01,-3.909551281542454626e-02,-1.960895729599121118e-01,-8.436203725641176765e-02,-1.703442617326912101e-01,-9.905162065139778982e-02,-1.666683109640806348e-01,-9.232685714163971213e-02,-1.851006913791490016e-01,-5.627886776361180898e-02,-2.435859229797521230e-01,5.396325915509313231e-02,-4.345174011005830117e-01,9.999999999999966693e-01
9.999999999999995559e-01,-4.613287053718270747e-01,6.362813497909537708e-02,-2.752934986832291098e-01,-5.097572343279074825e-02,-2.137862164507675911e-01,-9.046087449110905288e-02,-1.936634223413518097e-01,-9.758387976729990254e-02,-1.985314013217415186e-01,-7.981352317432127697e-02,-2.283625864032817754e-01,-2.774109824590353934e-02,-2.928877070578572162e-01,1.129664367619584442e-01,-4.613287053718270747e-01,9.999999999999995559e-01,-4.150645828407620308e-02,6.429196061335306078e-01,1.799062553403318887e-01,5.264114370605187387e-01,2.544008848142250701e-01,4.907763085959476745e-01,2.618484352749806954e-01,5.103753875170151666e-01,2.109425323093537807e-01,5.909401303946385520e-01,7.350941406491441621e-02,7.599069503221740352e-01,-2.928877072804378923e-01,6.362813497909537708e-02,-4.150645828407620308e-02,9.999999999999995559e-01,-2.349970445142993691e-01,1.872929246889251664e-01,-4.155976785456877431e-02,8.643915927181451686e-02,1.193232678139410918e-02,5.118233685893398832e-02,3.549428597262206664e-02,3.164789922878027961e-02,5.267635612744637347e-02,1.151716542972853682e-02,7.350941552745578200e-02,-2.774109836731171105e-02,-2.752934986832291098e-01,6.429196061335306078e-01,-2.349970445142993691e-01,9.999999999999995559e-01,-7.644670911611131658e-02,5.149498260684576278e-01,1.303535551902394729e-01,4.194776654827370166e-01,1.765628019050475284e-01,4.112676246099278843e-01,1.524838151268357866e-01,4.641329779582843984e-01,5.267635343449079272e-02,5.909401311561276460e-01,-2.283625874596877103e-01,-5.097572343279074825e-02,1.799062553403318887e-01,1.872929246889251664e-01,-7.644670911611131658e-02,9.999999999999995559e-01,-1.706072554428911536e-01,2.565358103990419969e-01,3.623965323644141867e-02,1.428240535610661999e-01,1.049442003921227107e-01,8.781399481353641123e-02,1.524838145124289834e-01,3.164790176468941507e-02,2.109425329080591438e-01,-7.981352287306014981e-02,-2.137862164507675911e-01,5.264114370605187387e-01,-4.155976785456877431e-02,5.149498260684576278e-01,-1.706072554428911536e-01,9.999999999999995559e-01,-1.089550598656131297e-01,4.664282866801258143e-01,8.423917318691340195e-02,3.896964447235279350e-01,1.049442002959085490e-01,4.112676286963065087e-01,3.549428302414483344e-02,5.103753912722786001e-01,-1.985314031738559526e-01,-9.046087449110905288e-02,2.544008848142250701e-01,8.643915927181451686e-02,1.303535551902394729e-01,2.565358103990419969e-01,-1.089550598656131297e-01,9.999999999999995559e-01,-1.365398445433022023e-01,2.772599652871491349e-01,8.423916933294769982e-02,1.428240544915281574e-01,1.765627986255378923e-01,5.118233826175918461e-02,2.618484336922959343e-01,-9.758387897568009117e-02,-1.936634223413518097e-01,4.907763085959476745e-01,1.193232678139410918e-02,4.194776654827370166e-01,3.623965323644141867e-02,4.664282866801258143e-01,-1.365398445433022023e-01,9.999999999999995559e-01,-1.365398427031701556e-01,4.664282868466821941e-01,3.623964910317503674e-02,4.194776689174879447e-01,1.193232276015578769e-02,4.907763089628750519e-01,-1.936634226735889364e-01,-9.758387976729990254e-02,2.618484352749806954e-01,5.118233685893398832e-02,1.765628019050475284e-01,1.428240535610661999e-01,8.423917318691340195e-02,2.772599652871491349e-01,-1.365398427031701556e-01,9.999999999999995559e-01,-1.089550613396051554e-01,2.565358141202759290e-01,1.303535537041759507e-01,8.643916152552721943e-02,2.544008865911112638e-01,-9.046087493361905374e-02,-1.985314013217415186e-01,5.103753875170151666e-01,3.549428597262206664e-02,4.112676246099278843e-01,1.049442003921227107e-01,3.896964447235279350e-01,8.423916933294769982e-02,4.664282868466821941e-01,-1.089550613396051554e-01,9.999999999999995559e-01,-1.706072603823963751e-01,5.149498269399115369e-01,-4.155977217479157881e-02,5.264114346519677134e-01,-2.137862158291030101e-01,-7.981352317432127697e-02,2.109425323093537807e-01,3.164789922878027961e-02,1.524838151268357866e-01,8.781399481353641123e-02,1.049442002959085490e-01,1.428240544915281574e-01,3.623964910317503674e-02,2.565358141202759290e-01,-1.706072603823963751e-01,9.999999999999995559e-01,-7.644671005750117154e-02,1.872929249127122664e-01,1.799062536926619993e-01,-5.097572208693643830e-02,-2.283625864032817754e-01,5.909401303946385520e-01,5.267635612744637347e-02,4.641329779582843984e-01,1.524838145124289834e-01,4.112676286963065087e-01,1.765627986255378923e-01,4.194776689174879447e-01,1.303535537041759507e-01,5.149498269399115369e-01,-7.644671005750117154e-02,9.999999999999995559e-01,-2.349970462029438711e-01,6.429196074283287654e-01,-2.752934996451826266e-01,-2.774109824590353934e-02,7.350941406491441621e-02,1.151716542972853682e-02,5.267635343449079272e-02,3.164790176468941507e-02,3.549428302414483344e-02,5.118233826175918461e-02,1.193232276015578769e-02,8.643916152552721943e-02,-4.155977217479157881e-02,1.872929249127122664e-01,-2.349970462029438711e-01,9.999999999999995559e-01,-4.150645991126881984e-02,6.362813547951845505e-02,-2.928877070578572162e-01,7.599069503221740352e-01,7.350941552745578200e-02,5.909401311561276460e-01,2.109425329080591438e-01,5.103753912722786001e-01,2.618484336922959343e-01,4.907763089628750519e-01,2.544008865911112638e-01,5.264114346519677134e-01,1.799062536926619993e-01,6.429196074283287654e-01,-4.150645991126881984e-02,9.999999999999995559e-01,-4.613287051758233615e-01,1.129664367619584442e-01,-2.928877072804378923e-01,-2.774109836731171105e-02,-2.283625874596877103e-01,-7.981352287306014981e-02,-1.985314031738559526e-01,-9.758387897568009117e-02,-1.936634226735889364e-01,-9.046087493361905374e-02,-2.137862158291030101e-01,-5.097572208693643830e-02,-2.752934996451826266e-01,6.362813547951845505e-02,-4.613287051758233615e-01,9.999999999999995559e-01
1.000000000000000444e+00,-4.873541263842536275e-01,7.717186134038650502e-02,-3.083408105759853912e-01,-4.018282241077775208e-02,-2.450606532291981776e-01,-8.246863640695338560e-02,-2.236960116339276605e-01,-8.982884228814147498e-02,-2.296965723998031228e-01,-6.919403643080862532e-02,-2.629151929364510476e-01,-1.126563189532484369e-02,-3.313172138440423353e-01,1.404289572731197699e-01,-4.873541263842536275e-01,1.000000000000000444e+00,-8.110195686620652600e-02,6.685055644236354011e-01,1.366577709596092371e-01,5.534727424142240615e-01,2.130295037051700702e-01,5.171116870470534588e-01,2.205934191282719059e-01,5.375983744599339698e-01,1.673210099564449993e-01,6.190958792926457566e-01,2.819880352065482626e-02,7.821669902760511883e-01,-3.313172162057255177e-01,7.717186134038650502e-02,-8.110195686620652600e-02,1.000000000000000444e+00,-2.653281770335981227e-01,1.791434040817970752e-01,-7.554775330134533284e-02,7.475162389731593304e-02,-2.023217181554593999e-02,3.758086916919416154e-02,3.421381965973128991e-03,1.948095006082231628e-02,1.697701296752215927e-02,6.378828330240965232e-03,2.819880638597466876e-02,-1.126563269650461205e-02,-3.083408105759853912e-01,6.685055644236354011e-01,-2.653281770335981227e-01,1.000000000000000444e+00,-1.068819553488895291e-01,5.443093899288991011e-01,9.729814463724928419e-02,4.496842357162237347e-01,1.443198434101339300e-01,4.416731264261393175e-01,1.189243360256863613e-01,4.953659465184022670e-01,1.697700942698478557e-02,6.190958812908269326e-01,-2.629151962317565205e-01,-4.018282241077775208e-02,1.366577709596092371e-01,1.791434040817970752e-01,-1.068819553488895291e-01,1.000000000000000444e+00,-2.009677307504287580e-01,2.435183519579253164e-01,3.442018495439624903e-03,1.261143008171543844e-01,7.354286154492051253e-02,7.018154294894535239e-02,1.189243346929036160e-01,1.948095179239787283e-02,1.673210099090612080e-01,-6.919403646284591480e-02,-2.450606532291981776e-01,5.534727424142240615e-01,-7.554775330134533284e-02,5.443093899288991011e-01,-2.009677307504287580e-01,1.000000000000000444e+00,-1.372466992777489070e-01,4.959159747571260102e-01,5.283177214752034917e-02,4.203370735479329823e-01,7.354286280322824831e-02,4.416731311150126627e-01,3.421378729514457616e-03,5.375983803897232960e-01,-2.296965765006941385e-01,-8.246863640695338560e-02,2.130295037051700702e-01,7.475162389731593304e-02,9.729814463724928419e-02,2.435183519579253164e-01,-1.372466992777489070e-01,1.000000000000000444e+00,-1.656082864980762404e-01,2.635281223515194560e-01,5.283176690765387096e-02,1.261143018262081972e-01,1.443198395890199492e-01,3.758086964371669392e-02,2.205934172223999734e-01,-8.982884230512976076e-02,-2.236960116339276605e-01,5.171116870470534588e-01,-2.023217181554593999e-02,4.496842357162237347e-01,3.442018495439624903e-03,4.959159747571260102e-01,-1.656082864980762404e-01,1.000000000000000444e+00,-1.656082832075626010e-01,4.959159740284053153e-01,3.442015207305082480e-03,4.496842387826684995e-01,-2.023217632080879375e-02,5.171116880210153699e-01,-2.236960132028733006e-01,-8.982884228814147498e-02,2.205934191282719059e-01,3.758086916919416154e-02,1.443198434101339300e-01,1.261143008171543844e-01,5.283177214752034917e-02,2.635281223515194560e-01,-1.656082832075626010e-01,1.000000000000000444e+00,-1.372467008328547566e-01,2.435183568665795217e-01,9.729814409692376376e-02,7.475162600390243550e-02,2.130295077131952874e-01,-8.246863884779195852e-02,-2.296965723998031228e-01,5.375983744599339698e-01,3.421381965973128991e-03,4.416731264261393175e-01,7.354286154492051253e-02,4.203370735479329823e-01,5.283176690765387096e-02,4.959159740284053153e-01,-1.372467008328547566e-01,1.000000000000000444e+00,-2.009677357688011146e-01,5.443093897920187052e-01,-7.554775861470366949e-02,5.534727391947383834e-01,-2.450606531327501059e-01,-6.919403643080862532e-02,1.673210099564449993e-01,1.948095006082231628e-02,1.189243360256863613e-01,7.018154294894535239e-02,7.354286280322824831e-02,1.261143018262081972e-01,3.442015207305082480e-03,2.435183568665795217e-01,-2.009677357688011146e-01,1.000000000000000444e+00,-1.068819548176752898e-01,1.791434040146471507e-01,1.366577717369615863e-01,-4.018282312053492178e-02,-2.629151929364510476e-01,6.190958792926457566e-01,1.697701296752215927e-02,4.953659465184022670e-01,1.189243346929036160e-01,4.416731311150126627e-01,1.443198395890199492e-01,4.496842387826684995e-01,9.729814409692376376e-02,5.443093897920187052e-01,-1.068819548176752898e-01,1.000000000000000444e+00,-2.653281801594307154e-01,6.685055661493690682e-01,-3.083408128050176278e-01,-1.126563189532484369e-02,2.819880352065482626e-02,6.378828330240965232e-03,1.697700942698478557e-02,1.948095179239787283e-02,3.421378729514457616e-03,3.758086964371669392e-02,-2.023217632080879375e-02,7.475162600390243550e-02,-7.554775861470366949e-02,1.791434040146471507e-01,-2.653281801594307154e-01,1.000000000000000444e+00,-8.110195803853781360e-02,7.717186060996245045e-02,-3.313172138440423353e-01,7.821669902760511883e-01,2.819880638597466876e-02,6.190958812908269326e-01,1.673210099090612080e-01,5.375983803897232960e-01,2.205934172223999734e-01,5.171116880210153699e-01,2.130295077131952874e-01,5.534727391947383834e-01,1.366577717369615863e-01,6.685055661493690682e-01,-8.110195803853781360e-02,1.000000000000000444e+00,-4.873541275086650248e-01,1.404289572731197699e-01,-3.313172162057255177e-01,-1.126563269650461205e-02,-2.629151962317565205e-01,-6.919403646284591480e-02,-2.296965765006941385e-01,-8.982884230512976076e-02,-2.236960132028733006e-01,-8.246863884779195852e-02,-2.450606531327501059e-01,-4.018282312053492178e-02,-3.083408128050176278e-01,7.717186060996245045e-02,-4.873541275086650248e-01,1.000000000000000444e+00
1.000000000000000222e+00,-5.125490052168735211e-01,9.478511606725142924e-02,-3.428300838262875461e-01,-2.323414891303673957e-02,-2.793960083369130265e-01,-6.734778596930492134e-02,-2.574288252380156350e-01,-7.474369858648913234e-02,-2.643760016568105220e-01,-5.174466173299061000e-02,-2.998913335368746380e-01,1.056182051461076327e-02,-3.700540658268157701e-01,1.702284327100972994e-01,-5.125490052168735211e-01,1.000000000000000222e+00,-1.239164960132244087e-01,6.966579091899119947e-01,8.683521036625993506e-02,5.858246389668232412e-01,1.632744290187161107e-01,5.498160478251130634e-01,1.707589436243873715e-01,5.705437573944924790e-01,1.164922249735209497e-01,6.506982950417281586e-01,-2.136081443126713192e-02,8.048686613048186000e-01,-3.700540699842883585e-01,9.478511606725142924e-02,-1.239164960132244087e-01,1.000000000000000222e+00,-2.957612473752377347e-01,1.733824181905121720e-01,-1.118220310428065800e-01,6.667535233764119995e-02,-5.582845690389718479e-02,2.834476855402733725e-02,-3.281981382280600018e-02,1.235801275553394599e-02,-2.335108852475404478e-02,6.792330918721648306e-03,-2.136080945975304263e-02,1.056181873286983312e-02,-3.428300838262875461e-01,6.966579091899119947e-01,-2.957612473752377347e-01,1.000000000000000222e+00,-1.407523914521518482e-01,5.782034087282715840e-01,5.824242192043030397e-02,4.864147106427433309e-01,1.051591129692546478e-01,4.787875650466459909e-01,7.896741344605441582e-02,5.320211717711772481e-01,-2.335109361179785875e-02,6.506982976209663150e-01,-2.998913385470257653e-01,-2.323414891303673957e-02,8.683521036625993506e-02,1.733824181905121720e-01,-1.407523914521518482e-01,1.000000000000000222e+00,-2.321568755069603196e-01,2.309234845395812807e-01,-3.262513610823736254e-02,1.113197114319741665e-01,3.720167557210787845e-02,5.593856548272209406e-02,7.896741099538509556e-02,1.235801410410421880e-02,1.164922235316216415e-01,-5.174466134136142259e-02,-2.793960083369130265e-01,5.858246389668232412e-01,-1.118220310428065800e-01,5.782034087282715840e-01,-2.321568755069603196e-01,1.000000000000000222e+00,-1.680537591993059021e-01,5.310286298289871310e-01,1.688692544573482807e-02,4.579981713929955900e-01,3.720167806085477452e-02,4.787875713871651007e-01,-3.281981872890332719e-02,5.705437660627401542e-01,-2.643760084764982254e-01,-6.734778596930492134e-02,1.632744290187161107e-01,6.667535233764119995e-02,5.824242192043030397e-02,2.309234845395812807e-01,-1.680537591993059021e-01,1.000000000000000222e+00,-1.962839655036942577e-01,2.494783054121326449e-01,1.688691864138613941e-02,1.113197130268607088e-01,1.051591081816755091e-01,2.834476895301352162e-02,1.707589406198678494e-01,-7.474369837282436591e-02,-2.574288252380156350e-01,5.498160478251130634e-01,-5.582845690389718479e-02,4.864147106427433309e-01,-3.262513610823736254e-02,5.310286298289871310e-01,-1.962839655036942577e-01,1.000000000000000222e+00,-1.962839606547541471e-01,5.310286280789426883e-01,-3.262513831929168828e-02,4.864147137603954674e-01,-5.582846284826338545e-02,5.498160497454648299e-01,-2.574288284337565291e-01,-7.474369858648913234e-02,1.707589436243873715e-01,2.834476855402733725e-02,1.051591129692546478e-01,1.113197114319741665e-01,1.688692544573482807e-02,2.494783054121326449e-01,-1.962839606547541471e-01,1.000000000000000222e+00,-1.680537610553189953e-01,2.309234907045860652e-01,5.824242273716302709e-02,6.667535424797016441e-02,1.632744348569395709e-01,-6.734778978102118341e-02,-2.643760016568105220e-01,5.705437573944924790e-01,-3.281981382280600018e-02,4.787875650466459909e-01,3.720167557210787845e-02,4.579981713929955900e-01,1.688691864138613941e-02,5.310286280789426883e-01,-1.680537610553189953e-01,1.000000000000000222e+00,-2.321568805001277824e-01,5.782034073794468654e-01,-1.118220377331883147e-01,5.858246348236773038e-01,-2.793960087743465603e-01,-5.174466173299061000e-02,1.164922249735209497e-01,1.235801275553394599e-02,7.896741344605441582e-02,5.593856548272209406e-02,3.720167806085477452e-02,1.113197130268607088e-01,-3.262513831929168828e-02,2.309234907045860652e-01,-2.321568805001277824e-01,1.000000000000000222e+00,-1.407523884543602777e-01,1.733824173840119443e-01,8.683521368102713189e-02,-2.323415147706291844e-02,-2.998913335368746380e-01,6.506982950417281586e-01,-2.335108852475404478e-02,5.320211717711772481e-01,7.896741099538509556e-02,4.787875713871651007e-01,1.051591081816755091e-01,4.864147137603954674e-01,5.824242273716302709e-02,5.782034073794468654e-01,-1.407523884543602777e-01,1.000000000000000222e+00,-2.957612522293833202e-01,6.966579118692201034e-01,-3.428300874972470824e-01,1.056182051461076327e-02,-2.136081443126713192e-02,6.792330918721648306e-03,-2.335109361179785875e-02,1.235801410410421880e-02,-3.281981872890332719e-02,2.834476895301352162e-02,-5.582846284826338545e-02,6.667535424797016441e-02,-1.118220377331883147e-01,1.733824173840119443e-01,-2.957612522293833202e-01,1.000000000000000222e+00,-1.239164978090416119e-01,9.478511489470561879e-02,-3.700540658268157701e-01,8.048686613048186000e-01,-2.136080945975304263e-02,6.506982976209663150e-01,1.164922235316216415e-01,5.705437660627401542e-01,1.707589406198678494e-01,5.498160497454648299e-01,1.632744348569395709e-01,5.858246348236773038e-01,8.683521368102713189e-02,6.966579118692201034e-01,-1.239164978090416119e-01,1.000000000000000222e+00,-5.125490074900714843e-01,1.702284327100972994e-01,-3.700540699842883585e-01,1.056181873286983312e-02,-2.998913385470257653e-01,-5.174466134136142259e-02,-2.643760084764982254e-01,-7.474369837282436591e-02,-2.574288284337565291e-01,-6.734778978102118341e-02,-2.793960087743465603e-01,-2.323415147706291844e-02,-3.428300874972470824e-01,9.478511489470561879e-02,-5.125490074900714843e-01,1.000000000000000222e+00
9.999999999999982236e-01,-5.368691516587092982e-01,1.165168978199487837e-01,-3.787091562051675409e-01,3.211552974294769325e-04,-3.170165052811106388e-01,-4.433059034598177406e-02,-2.952427025451195286e-01,-5.153230348135034306e-02,-3.028213518324166520e-01,-2.696292198969056295e-02,-3.392007959315682664e-01,3.775109808954171808e-02,-4.087704086853347629e-01,2.019710904195927970e-01,-5.368691516587092982e-01,9.999999999999982236e-01,-1.697457431631044233e-01,7.270257626911500459e-01,3.036263287608915312e-02,6.232620613057693326e-01,1.047549637555436064e-01,5.888149051437900905e-01,1.119446297200868135e-01,6.090167544022337953e-01,5.835410727423225724e-02,6.853286879824187494e-01,-7.489629824953969450e-02,8.276626546370973170e-01,-4.087704113131109818e-01,1.165168978199487837e-01,-1.697457431631044233e-01,9.999999999999982236e-01,-3.263064576456138344e-01,1.708024393848790179e-01,-1.506549152168937811e-01,6.345029327503814986e-02,-9.540943719524276612e-02,2.492579979674448137e-02,-7.381210192194312403e-02,1.162059091702790162e-02,-6.857846176742068978e-02,1.361298691154170029e-02,-7.489629348838536260e-02,3.775109625615458847e-02,-3.787091562051675409e-01,7.270257626911500459e-01,-3.263064576456138344e-01,9.999999999999982236e-01,-1.783470726235434900e-01,6.163409241736957922e-01,1.254299232338951242e-02,5.295538792845726483e-01,5.828235757466233846e-02,5.224915398513007014e-01,3.197613612466275457e-02,5.737924616413703216e-01,-6.857846672472101002e-02,6.853286894406950269e-01,-3.392007992159856156e-01,3.211552974294769325e-04,3.036263287608915312e-02,1.708024393848790179e-01,-1.783470726235434900e-01,9.999999999999982236e-01,-2.643108506570920335e-01,2.197563470347346781e-01,-7.247189300310451221e-02,9.989945607650671522e-02,-4.833374312951291274e-03,4.670278840710648249e-02,3.197613399313869315e-02,1.162059348125719059e-02,5.835410634620995934e-02,-2.696292111960563870e-02,-3.170165052811106388e-01,6.232620613057693326e-01,-1.506549152168937811e-01,6.163409241736957922e-01,-2.643108506570920335e-01,9.999999999999982236e-01,-2.017938620194993093e-01,5.715427315695242871e-01,-2.429446085827940624e-02,5.025788414374238178e-01,-4.833373803796562479e-03,5.224915461201183886e-01,-7.381210846467090025e-02,6.090167613035566418e-01,-3.028213575610411157e-01,-4.433059034598177406e-02,1.047549637555436064e-01,6.345029327503814986e-02,1.254299232338951242e-02,2.197563470347346781e-01,-2.017938620194993093e-01,9.999999999999982236e-01,-2.288697768764784701e-01,2.361352312789048447e-01,-2.429446587351630216e-02,9.989945857839283017e-02,5.828235290500238808e-02,2.492580253959447711e-02,1.119446271238601909e-01,-5.153230213662010617e-02,-2.952427025451195286e-01,5.888149051437900905e-01,-9.540943719524276612e-02,5.295538792845726483e-01,-7.247189300310451221e-02,5.715427315695242871e-01,-2.288697768764784701e-01,9.999999999999982236e-01,-2.288697740745535558e-01,5.715427310336705924e-01,-7.247189652276747607e-02,5.295538833346896679e-01,-9.540944459774031161e-02,5.888149071581595395e-01,-2.952427056755958512e-01,-5.153230348135034306e-02,1.119446297200868135e-01,2.492579979674448137e-02,5.828235757466233846e-02,9.989945607650671522e-02,-2.429446085827940624e-02,2.361352312789048447e-01,-2.288697740745535558e-01,9.999999999999982236e-01,-2.017938642195744037e-01,2.197563525387867811e-01,1.254299103018906292e-02,6.345029671321565645e-02,1.047549662760872136e-01,-4.433059136462171035e-02,-3.028213518324166520e-01,6.090167544022337953e-01,-7.381210192194312403e-02,5.224915398513007014e-01,-4.833374312951291274e-03,5.025788414374238178e-01,-2.429446587351630216e-02,5.715427310336705924e-01,-2.017938642195744037e-01,9.999999999999982236e-01,-2.643108553443778708e-01,6.163409242861913606e-01,-1.506549223257864778e-01,6.232620587077607466e-01,-3.170165061514937932e-01,-2.696292198969056295e-02,5.835410727423225724e-02,1.162059091702790162e-02,3.197613612466275457e-02,4.670278840710648249e-02,-4.833373803796562479e-03,9.989945857839283017e-02,-7.247189652276747607e-02,2.197563525387867811e-01,-2.643108553443778708e-01,9.999999999999982236e-01,-1.783470710821304928e-01,1.708024394740114138e-01,3.036263362617655504e-02,3.211550304869255357e-04,-3.392007959315682664e-01,6.853286879824187494e-01,-6.857846176742068978e-02,5.737924616413703216e-01,3.197613399313869315e-02,5.224915461201183886e-01,5.828235290500238808e-02,5.295538833346896679e-01,1.254299103018906292e-02,6.163409242861913606e-01,-1.783470710821304928e-01,9.999999999999982236e-01,-3.263064622666497216e-01,7.270257652653140390e-01,-3.787091594733155153e-01,3.775109808954171808e-02,-7.489629824953969450e-02,1.361298691154170029e-02,-6.857846672472101002e-02,1.162059348125719059e-02,-7.381210846467090025e-02,2.492580253959447711e-02,-9.540944459774031161e-02,6.345029671321565645e-02,-1.506549223257864778e-01,1.708024394740114138e-01,-3.263064622666497216e-01,9.999999999999982236e-01,-1.697457462658555349e-01,1.165168984297128563e-01,-4.087704086853347629e-01,8.276626546370973170e-01,-7.489629348838536260e-02,6.853286894406950269e-01,5.835410634620995934e-02,6.090167613035566418e-01,1.119446271238601909e-01,5.888149071581595395e-01,1.047549662760872136e-01,6.232620587077607466e-01,3.036263362617655504e-02,7.270257652653140390e-01,-1.697457462658555349e-01,9.999999999999982236e-01,-5.368691531518012816e-01,2.019710904195927970e-01,-4.087704113131109818e-01,3.775109625615458847e-02,-3.392007992159856156e-01,-2.696292111960563870e-02,-3.028213575610411157e-01,-5.153230213662010617e-02,-2.952427056755958512e-01,-4.433059136462171035e-02,-3.170165061514937932e-01,3.211550304869255357e-04,-3.787091594733155153e-01,1.165168984297128563e-01,-5.368691531518012816e-01,9.999999999999982236e-01
1.000000000000001110e+00,-5.602670774581347546e-01,1.421768447406868974e-01,-4.156802562258719025e-01,3.049758952528153558e-02,-3.577019970152459094e-01,-1.318640601017584402e-02,-3.369883552192701748e-01,-1.995817574452100895e-02,-3.447828917403335525e-01,5.147828350257600827e-03,-3.803990350786536356e-01,6.995764762686057514e-02,-4.470078851503771489e-01,2.351364235058308050e-01,-5.602670774581347546e-01,1.000000000000001110e+00,-2.180012789356391423e-01,7.588794048488751720e-01,-3.209793690110816777e-02,6.648604642147860622e-01,3.802868044806861914e-02,6.331707140643467735e-01,4.470971417590063890e-02,6.520501177736102161e-01,-6.393227493508332748e-03,7.220898362149092975e-01,-1.316496796496681165e-01,8.500633955001295483e-01,-4.470078831470141179e-01,1.421768447406868974e-01,-2.180012789356391423e-01,1.000000000000001110e+00,-3.569490103602466768e-01,1.722405715594559905e-01,-1.921066147189280371e-01,6.631171947560154933e-02,-1.392027122681358253e-01,2.870769685926538584e-02,-1.197159225273226324e-01,1.844219223936603702e-02,-1.184800793084578308e-01,2.742306369985951509e-02,-1.316496800003366108e-01,6.995764778079467672e-02,-4.156802562258719025e-01,7.588794048488751720e-01,-3.569490103602466768e-01,1.000000000000001110e+00,-2.195670821525108618e-01,6.578452187688740294e-01,-3.983478170769350069e-02,5.781742261599099875e-01,3.581918154730884263e-03,5.718332853839005470e-01,-2.204022397861569310e-02,6.196879322711918991e-01,-1.184800797211553181e-01,7.220898357390048705e-01,-3.803990335232392273e-01,3.049758952528153558e-02,-3.209793690110816777e-02,1.722405715594559905e-01,-2.195670821525108618e-01,1.000000000000001110e+00,-2.975138050320873528e-01,2.113566071430226789e-01,-1.163632908146011863e-01,9.357927644165781045e-02,-5.288286677831138816e-02,4.418345280949088211e-02,-2.204022254826247529e-02,1.844219492498451116e-02,-6.393224134791819502e-03,5.147827475803393865e-03,-3.577019970152459094e-01,6.648604642147860622e-01,-1.921066147189280371e-01,6.578452187688740294e-01,-2.975138050320873528e-01,1.000000000000001110e+00,-2.386351988961472326e-01,6.165399116650650546e-01,-7.102386916203681788e-02,5.531357889597735555e-01,-5.288287041723983839e-02,5.718332855309111729e-01,-1.197159249505800882e-01,6.520501153783325732e-01,-3.447828897655240699e-01,-1.318640601017584402e-02,3.802868044806861914e-02,6.631171947560154933e-02,-3.983478170769350069e-02,2.113566071430226789e-01,-2.386351988961472326e-01,1.000000000000001110e+00,-2.635451972421061217e-01,2.249717585846960632e-01,-7.102386729912341101e-02,9.357927744582988927e-02,3.581917813462731637e-03,2.870770026195071378e-02,4.470971609770674204e-02,-1.995817553781423226e-02,-3.369883552192701748e-01,6.331707140643467735e-01,-1.392027122681358253e-01,5.781742261599099875e-01,-1.163632908146011863e-01,6.165399116650650546e-01,-2.635451972421061217e-01,1.000000000000001110e+00,-2.635452008124968271e-01,6.165399144235077511e-01,-1.163632965914826456e-01,5.781742293213480988e-01,-1.392027162977249322e-01,6.331707138197946172e-01,-3.369883546632905791e-01,-1.995817574452100895e-02,4.470971417590063890e-02,2.870769685926538584e-02,3.581918154730884263e-03,9.357927644165781045e-02,-7.102386916203681788e-02,2.249717585846960632e-01,-2.635452008124968271e-01,1.000000000000001110e+00,-2.386352004412050087e-01,2.113566082590470352e-01,-3.983478821138129039e-02,6.631172466819640343e-02,3.802867529464611096e-02,-1.318640157830465454e-02,-3.447828917403335525e-01,6.520501177736102161e-01,-1.197159225273226324e-01,5.718332853839005470e-01,-5.288286677831138816e-02,5.531357889597735555e-01,-7.102386729912341101e-02,6.165399144235077511e-01,-2.386352004412050087e-01,1.000000000000001110e+00,-2.975138079385778456e-01,6.578452229236428916e-01,-1.921066183531540683e-01,6.648604661688827244e-01,-3.577019978452790627e-01,5.147828350257600827e-03,-6.393227493508332748e-03,1.844219223936603702e-02,-2.204022397861569310e-02,4.418345280949088211e-02,-5.288287041723983839e-02,9.357927744582988927e-02,-1.163632965914826456e-01,2.113566082590470352e-01,-2.975138079385778456e-01,1.000000000000001110e+00,-2.195670878895709388e-01,1.722405748917938406e-01,-3.209794365284166645e-02,3.049759504218089307e-02,-3.803990350786536356e-01,7.220898362149092975e-01,-1.184800793084578308e-01,6.196879322711918991e-01,-2.204022254826247529e-02,5.718332855309111729e-01,3.581917813462731637e-03,5.781742293213480988e-01,-3.983478821138129039e-02,6.578452229236428916e-01,-2.195670878895709388e-01,1.000000000000001110e+00,-3.569490108414745677e-01,7.588794045556654932e-01,-4.156802559634079630e-01,6.995764762686057514e-02,-1.316496796496681165e-01,2.742306369985951509e-02,-1.184800797211553181e-01,1.844219492498451116e-02,-1.197159249505800882e-01,2.870770026195071378e-02,-1.392027162977249322e-01,6.631172466819640343e-02,-1.921066183531540683e-01,1.722405748917938406e-01,-3.569490108414745677e-01,1.000000000000001110e+00,-2.180012808027630977e-01,1.421768472420193996e-01,-4.470078851503771489e-01,8.500633955001295483e-01,-1.316496800003366108e-01,7.220898357390048705e-01,-6.393224134791819502e-03,6.520501153783325732e-01,4.470971609770674204e-02,6.331707138197946172e-01,3.802867529464611096e-02,6.648604661688827244e-01,-3.209794365284166645e-02,7.588794045556654932e-01,-2.180012808027630977e-01,1.000000000000001110e+00,-5.602670763150165989e-01,2.351364235058308050e-01,-4.470078831470141179e-01,6.995764778079467672e-02,-3.803990335232392273e-01,5.147827475803393865e-03,-3.447828897655240699e-01,-1.995817553781423226e-02,-3.369883546632905791e-01,-1.318640157830465454e-02,-3.577019978452790627e-01,3.049759504218089307e-02,-4.156802559634079630e-01,1.421768472420193996e-01,-5.602670763150165989e-01,1.000000000000001110e+00
9.999999999999967804e-01,-5.826903974380780449e-01,1.712515137676718091e-01,-4.531459038997567301e-01,6.666367208423543134e-02,-4.006441028428728846e-01,2.547794857903309951e-02,-3.817957901237256646e-01,1.934608609131089479e-02,-3.893541022886740643e-01,4.384678218169756059e-02,-4.226240650152364720e-01,1.063787825948275256e-01,-4.841870195964299017e-01,2.690759114613660019e-01,-5.826903974380780449e-01,9.999999999999967804e-01,-2.676509180673297683e-01,7.910928415749237663e-01,-9.895314660417167674e-02,7.088786090877619017e-01,-3.511288266010892389e-02,6.809401187792077925e-01,-2.912387279871721246e-02,6.977985534813688773e-01,-7.603639465262404529e-02,7.595839699102779896e-01,-1.903023840592616145e-01,8.714706510506382564e-01,-4.841870161084367297e-01,1.712515137676718091e-01,-2.676509180673297683e-01,9.999999999999967804e-01,-3.876113317228864208e-01,1.784031255251607440e-01,-2.358688246585716741e-01,7.618601092090845905e-02,-1.868636284018180826e-01,4.064087981016704931e-02,-1.700092969244766106e-01,3.348390657847473417e-02,-1.721480518612273081e-01,4.828801728129420573e-02,-1.903023877548563336e-01,1.063787841774515436e-01,-4.531459038997567301e-01,7.910928415749237663e-01,-3.876113317228864208e-01,9.999999999999967804e-01,-2.637658899327305906e-01,7.011741722429463142e-01,-9.801236833089277400e-02,6.303744076263397833e-01,-5.800109852521150022e-02,6.248654583935964180e-01,-8.211772533584120459e-02,6.679352665575802872e-01,-1.721480490573271405e-01,7.595839692029346946e-01,-4.226240619538746968e-01,6.666367208423543134e-02,-9.895314660417167674e-02,1.784031255251607440e-01,-2.637658899327305906e-01,9.999999999999967804e-01,-3.317093289383949983e-01,2.072065317356141800e-01,-1.640807885783246156e-01,9.402845392234387978e-02,-1.065122859233719743e-01,4.980188406211978613e-02,-8.211772138992154413e-02,3.348390748011552398e-02,-7.603638869302314918e-02,4.384677939947133340e-02,-4.006441028428728846e-01,7.088786090877619017e-01,-2.358688246585716741e-01,7.011741722429463142e-01,-3.317093289383949983e-01,9.999999999999967804e-01,-2.783165070723263579e-01,6.642920948511079615e-01,-1.229242919584356275e-01,6.077059791779299003e-01,-1.065122905248402640e-01,6.248654538752091980e-01,-1.700092945762880781e-01,6.977985460968312292e-01,-3.893540960990717892e-01,2.547794857903309951e-02,-3.511288266010892389e-02,7.618601092090845905e-02,-9.801236833089277400e-02,2.072065317356141800e-01,-2.783165070723263579e-01,9.999999999999967804e-01,-3.002239510989009874e-01,2.177220153576209238e-01,-1.229242864151948722e-01,9.402845275501167666e-02,-5.800109531750841096e-02,4.064088107173488562e-02,-2.912386772698055681e-02,1.934608416986605128e-02,-3.817957901237256646e-01,6.809401187792077925e-01,-1.868636284018180826e-01,6.303744076263397833e-01,-1.640807885783246156e-01,6.642920948511079615e-01,-3.002239510989009874e-01,9.999999999999967804e-01,-3.002239575689086282e-01,6.642920986396958494e-01,-1.640807941950683524e-01,6.303744088666994871e-01,-1.868636284624368982e-01,6.809401169995976666e-01,-3.817957873573235572e-01,1.934608609131089479e-02,-2.912387279871721246e-02,4.064087981016704931e-02,-5.800109852521150022e-02,9.402845392234387978e-02,-1.229242919584356275e-01,2.177220153576209238e-01,-3.002239575689086282e-01,9.999999999999967804e-01,-2.783165079656491070e-01,2.072065301760389056e-01,-9.801237658692060761e-02,7.618601601165347903e-02,-3.511289040601896227e-02,2.547795436673497282e-02,-3.893541022886740643e-01,6.977985534813688773e-01,-1.700092969244766106e-01,6.248654583935964180e-01,-1.065122859233719743e-01,6.077059791779299003e-01,-1.229242864151948722e-01,6.642920986396958494e-01,-2.783165079656491070e-01,9.999999999999967804e-01,-3.317093304937011045e-01,7.011741778232838396e-01,-2.358688254548051422e-01,7.088786130915165629e-01,-4.006441036330766758e-01,4.384678218169756059e-02,-7.603639465262404529e-02,3.348390657847473417e-02,-8.211772533584120459e-02,4.980188406211978613e-02,-1.065122905248402640e-01,9.402845275501167666e-02,-1.640807941950683524e-01,2.072065301760389056e-01,-3.317093304937011045e-01,9.999999999999967804e-01,-2.637658993341516767e-01,1.784031305377095644e-01,-9.895315597294344900e-02,6.666367937338799066e-02,-4.226240650152364720e-01,7.595839699102779896e-01,-1.721480518612273081e-01,6.679352665575802872e-01,-8.211772138992154413e-02,6.248654538752091980e-01,-5.800109531750841096e-02,6.303744088666994871e-01,-9.801237658692060761e-02,7.011741778232838396e-01,-2.637658993341516767e-01,9.999999999999967804e-01,-3.876113295277168191e-01,7.910928392684712929e-01,-4.531459016294755449e-01,1.063787825948275256e-01,-1.903023840592616145e-01,4.828801728129420573e-02,-1.721480490573271405e-01,3.348390748011552398e-02,-1.700092945762880781e-01,4.064088107173488562e-02,-1.868636284624368982e-01,7.618601601165347903e-02,-2.358688254548051422e-01,1.784031305377095644e-01,-3.876113295277168191e-01,9.999999999999967804e-01,-2.676509175820296349e-01,1.712515156827419116e-01,-4.841870195964299017e-01,8.714706510506382564e-01,-1.903023877548563336e-01,7.595839692029346946e-01,-7.603638869302314918e-02,6.977985460968312292e-01,-2.912386772698055681e-02,6.809401169995976666e-01,-3.511289040601896227e-02,7.088786130915165629e-01,-9.895315597294344900e-02,7.910928392684712929e-01,-2.676509175820296349e-01,9.999999999999967804e-01,-5.826903954561621912e-01,2.690759114613660019e-01,-4.841870161084367297e-01,1.063787841774515436e-01,-4.226240619538746968e-01,4.384677939947133340e-02,-3.893540960990717892e-01,1.934608416986605128e-02,-3.817957873573235572e-01,2.547795436673497282e-02,-4.006441036330766758e-01,6.666367937338799066e-02,-4.531459016294755449e-01,1.712515156827419116e-01,-5.826903954561621912e-01,9.999999999999967804e-01
1.000000000000004663e+00,-6.040853634992987553e-01,2.028971393302816950e-01,-4.902527711413428024e-01,1.074785654942866236e-01,-4.444786736820460216e-01,7.010088869185082672e-02,-4.280952151472228184e-01,6.476017785160149975e-02,-4.350138207116881484e-01,8.759400908544336117e-02,-4.646715661570438582e-01,1.457669817345762231e-01,-5.196771924696225176e-01,3.030622545531477252e-01,-6.040853634992987553e-01,1.000000000000004663e+00,-3.173075978105637796e-01,8.222860879092459552e-01,-1.677659364656980123e-01,7.529553661456982461e-01,-1.117037061279976262e-01,7.293825453668324466e-01,-1.065309656582327236e-01,7.437469991964464899e-01,-1.479410667209732355e-01,7.960887770176756639e-01,-2.490858607056894436e-01,8.912578660400348740e-01,-5.196771839141408611e-01,2.028971393302816950e-01,-3.173075978105637796e-01,1.000000000000004663e+00,-4.181222548543203077e-01,1.896415526133499729e-01,-2.811823776282980636e-01,9.334565491248544844e-02,-2.373441962224490664e-01,6.085552720840530644e-02,-2.233799584632433222e-01,5.656680240317137759e-02,-2.279842952820114732e-01,7.557627755476969966e-02,-2.490858684295385594e-01,1.457669835778372669e-01,-4.902527711413428024e-01,8.222860879092459552e-01,-4.181222548543203077e-01,1.000000000000004663e+00,-3.097321910714734283e-01,7.442790530457468190e-01,-1.601121355556900383e-01,6.834432066988731513e-01,-1.243638842479635742e-01,6.788142217619719254e-01,-1.462596462145561715e-01,7.161628700428823713e-01,-2.279842882865895093e-01,7.960887747048326357e-01,-4.646715572410535788e-01,1.074785654942866236e-01,-1.677659364656980123e-01,1.896415526133499729e-01,-3.097321910714734283e-01,1.000000000000004663e+00,-3.666225297835860042e-01,2.085709683283292204e-01,-2.147582743199028255e-01,1.023789441226385655e-01,-1.643549661125242034e-01,6.421939733825707264e-02,-1.462596393418904572e-01,5.656680393657074341e-02,-1.479410549356253157e-01,8.759400200379728607e-02,-4.444786736820460216e-01,7.529553661456982461e-01,-2.811823776282980636e-01,7.442790530457468190e-01,-3.666225297835860042e-01,1.000000000000004663e+00,-3.200516312013105824e-01,7.124214773945489743e-01,-1.787553677980445732e-01,6.634604684273117670e-01,-1.643549738637635205e-01,6.788142104635790375e-01,-2.233799519299663749e-01,7.437469810274648374e-01,-4.350138042998243360e-01,7.010088869185082672e-02,-1.117037061279976262e-01,9.334565491248544844e-02,-1.601121355556900383e-01,2.085709683283292204e-01,-3.200516312013105824e-01,1.000000000000004663e+00,-3.384454526622316384e-01,2.159789720380352884e-01,-1.787553525008880317e-01,1.023789390760995732e-01,-1.243638728970390406e-01,6.085552656600357047e-02,-1.065309509147465139e-01,6.476017018659063762e-02,-4.280952151472228184e-01,7.293825453668324466e-01,-2.373441962224490664e-01,6.834432066988731513e-01,-2.147582743199028255e-01,7.124214773945489743e-01,-3.384454526622316384e-01,1.000000000000004663e+00,-3.384454695090595711e-01,7.124214855374360056e-01,-2.147582829922630721e-01,6.834432068211278022e-01,-2.373441932158556478e-01,7.293825405979582621e-01,-4.280952074922934614e-01,6.476017785160149975e-02,-1.065309656582327236e-01,6.085552720840530644e-02,-1.243638842479635742e-01,1.023789441226385655e-01,-1.787553677980445732e-01,2.159789720380352884e-01,-3.384454695090595711e-01,1.000000000000004663e+00,-3.200516345144411301e-01,2.085709634233011145e-01,-1.601121532520093926e-01,9.334566407289596190e-02,-1.117037252700681382e-01,7.010090272867013084e-02,-4.350138207116881484e-01,7.437469991964464899e-01,-2.233799584632433222e-01,6.788142217619719254e-01,-1.643549661125242034e-01,6.634604684273117670e-01,-1.787553525008880317e-01,7.124214855374360056e-01,-3.200516345144411301e-01,1.000000000000004663e+00,-3.666225294160290193e-01,7.442790634266847061e-01,-2.811823766715986772e-01,7.529553757616729293e-01,-4.444786754517726646e-01,8.759400908544336117e-02,-1.479410667209732355e-01,5.656680240317137759e-02,-1.462596462145561715e-01,6.421939733825707264e-02,-1.643549738637635205e-01,1.023789390760995732e-01,-2.147582829922630721e-01,2.085709634233011145e-01,-3.666225294160290193e-01,1.000000000000004663e+00,-3.097322096088877541e-01,1.896415630138507114e-01,-1.677659548132369172e-01,1.074785804940524558e-01,-4.646715661570438582e-01,7.960887770176756639e-01,-2.279842952820114732e-01,7.161628700428823713e-01,-1.462596393418904572e-01,6.788142104635790375e-01,-1.243638728970390406e-01,6.834432068211278022e-01,-1.601121532520093926e-01,7.442790634266847061e-01,-3.097322096088877541e-01,1.000000000000004663e+00,-4.181222496394924049e-01,8.222860824792417311e-01,-4.902527651706427569e-01,1.457669817345762231e-01,-2.490858607056894436e-01,7.557627755476969966e-02,-2.279842882865895093e-01,5.656680393657074341e-02,-2.233799519299663749e-01,6.085552656600357047e-02,-2.373441932158556478e-01,9.334566407289596190e-02,-2.811823766715986772e-01,1.896415630138507114e-01,-4.181222496394924049e-01,1.000000000000004663e+00,-3.173075963757759910e-01,2.028971430200695591e-01,-5.196771924696225176e-01,8.912578660400348740e-01,-2.490858684295385594e-01,7.960887747048326357e-01,-1.479410549356253157e-01,7.437469810274648374e-01,-1.065309509147465139e-01,7.293825405979582621e-01,-1.117037252700681382e-01,7.529553757616729293e-01,-1.677659548132369172e-01,8.222860824792417311e-01,-3.173075963757759910e-01,1.000000000000004663e+00,-6.040853582952407930e-01,3.030622545531477252e-01,-5.196771839141408611e-01,1.457669835778372669e-01,-4.646715572410535788e-01,8.759400200379728607e-02,-4.350138042998243360e-01,6.476017018659063762e-02,-4.280952074922934614e-01,7.010090272867013084e-02,-4.444786754517726646e-01,1.074785804940524558e-01,-4.902527651706427569e-01,2.028971430200695591e-01,-6.040853582952407930e-01,1.000000000000004663e+00
9.999999999999994449e-01,-6.244061100534175068e-01,2.360538611300555811e-01,-5.260561728561974348e-01,1.510856256274866194e-01,-4.875585988275899507e-01,1.183910967412928339e-01,-4.739351948616307153e-01,1.139120795012876913e-01,-4.799340964689002287e-01,1.342805920116836860e-01,-5.052329138155668975e-01,1.866152569093036673e-01,-5.529184776728972572e-01,3.363908505222849010e-01,-6.244061100534175068e-01,9.999999999999994449e-01,-3.654900763608994740e-01,8.511216535219556789e-01,-2.357125918369577799e-01,7.946245073676726500e-01,-1.881586746763682094e-01,7.755624028243728318e-01,-1.838495778492177934e-01,7.872594189809305476e-01,-2.190451838349199432e-01,8.299256958505949466e-01,-3.061097304625399751e-01,9.089090565819681888e-01,-5.529184719226059030e-01,2.360538611300555811e-01,-3.654900763608994740e-01,9.999999999999994449e-01,-4.482174370376849626e-01,2.057881583196750630e-01,-3.269190269634815182e-01,1.172090872743916101e-01,-2.890173048817296086e-01,8.847316881357239482e-02,-2.779116809824373480e-01,8.656421582315459995e-02,-2.839691484503970020e-01,1.079819077997544036e-01,-3.061097363564034834e-01,1.866152582837019014e-01,-5.260561728561974348e-01,8.511216535219556789e-01,-4.482174370376849626e-01,9.999999999999994449e-01,-3.558965727595423956e-01,7.850268459716578384e-01,-2.235527748131166392e-01,7.344133913865847907e-01,-1.925674105633627675e-01,7.306455469454347096e-01,-2.117530966908823253e-01,7.618876920017623178e-01,-2.839691428584788513e-01,8.299256944703662375e-01,-5.052329077286721315e-01,1.510856256274866194e-01,-2.357125918369577799e-01,2.057881583196750630e-01,-3.558965727595423956e-01,9.999999999999994449e-01,-4.017506293389950245e-01,2.161028292258111438e-01,-2.669375714178877645e-01,1.187997680750402796e-01,-2.242650393793624297e-01,8.701064280495077186e-02,-2.117530914440587109e-01,8.656421586874181451e-02,-2.190451750304821255e-01,1.342805861323527750e-01,-4.875585988275899507e-01,7.946245073676726500e-01,-3.269190269634815182e-01,7.850268459716578384e-01,-4.017506293389950245e-01,9.999999999999994449e-01,-3.626216982887754403e-01,7.583801963242856603e-01,-2.365406410016769878e-01,7.172664568735503954e-01,-2.242650437904869509e-01,7.306455373397269248e-01,-2.779116743902192432e-01,7.872594049989213305e-01,-4.799340838630188344e-01,1.183910967412928339e-01,-1.881586746763682094e-01,1.172090872743916101e-01,-2.235527748131166392e-01,2.161028292258111438e-01,-3.626216982887754403e-01,9.999999999999994449e-01,-3.773890524273516567e-01,2.207141707204187120e-01,-2.365406284609839482e-01,1.187997625167850346e-01,-1.925673997899106094e-01,8.847316592899005794e-02,-1.838495649386877040e-01,1.139120718407664601e-01,-4.739351948616307153e-01,7.755624028243728318e-01,-2.890173048817296086e-01,7.344133913865847907e-01,-2.669375714178877645e-01,7.583801963242856603e-01,-3.773890524273516567e-01,9.999999999999994449e-01,-3.773890659598997388e-01,7.583802021787666714e-01,-2.669375766497952274e-01,7.344133903907834604e-01,-2.890173013088738196e-01,7.755623989128397344e-01,-4.739351889563315212e-01,1.139120795012876913e-01,-1.838495778492177934e-01,8.847316881357239482e-02,-1.925674105633627675e-01,1.187997680750402796e-01,-2.365406410016769878e-01,2.207141707204187120e-01,-3.773890659598997388e-01,9.999999999999994449e-01,-3.626217016535267512e-01,2.161028254466715037e-01,-2.235527883930185089e-01,1.172090941090887656e-01,-1.881586893862921550e-01,1.183911073757233784e-01,-4.799340964689002287e-01,7.872594189809305476e-01,-2.779116809824373480e-01,7.306455469454347096e-01,-2.242650393793624297e-01,7.172664568735503954e-01,-2.365406284609839482e-01,7.583802021787666714e-01,-3.626217016535267512e-01,9.999999999999994449e-01,-4.017506282144025498e-01,7.850268532461941451e-01,-3.269190257363977503e-01,7.946245144848106401e-01,-4.875586004153176223e-01,1.342805920116836860e-01,-2.190451838349199432e-01,8.656421582315459995e-02,-2.117530966908823253e-01,8.701064280495077186e-02,-2.242650437904869509e-01,1.187997625167850346e-01,-2.669375766497952274e-01,2.161028254466715037e-01,-4.017506282144025498e-01,9.999999999999994449e-01,-3.558965862035525229e-01,2.057881661964288122e-01,-2.357126044881927007e-01,1.510856361695568084e-01,-5.052329138155668975e-01,8.299256958505949466e-01,-2.839691484503970020e-01,7.618876920017623178e-01,-2.117530914440587109e-01,7.306455373397269248e-01,-1.925673997899106094e-01,7.344133903907834604e-01,-2.235527883930185089e-01,7.850268532461941451e-01,-3.558965862035525229e-01,9.999999999999994449e-01,-4.482174329520846601e-01,8.511216491160566999e-01,-5.260561683718251169e-01,1.866152569093036673e-01,-3.061097304625399751e-01,1.079819077997544036e-01,-2.839691428584788513e-01,8.656421586874181451e-02,-2.779116743902192432e-01,8.847316592899005794e-02,-2.890173013088738196e-01,1.172090941090887656e-01,-3.269190257363977503e-01,2.057881661964288122e-01,-4.482174329520846601e-01,9.999999999999994449e-01,-3.654900744125156864e-01,2.360538630740717791e-01,-5.529184776728972572e-01,9.089090565819681888e-01,-3.061097363564034834e-01,8.299256944703662375e-01,-2.190451750304821255e-01,7.872594049989213305e-01,-1.838495649386877040e-01,7.755623989128397344e-01,-1.881586893862921550e-01,7.946245144848106401e-01,-2.357126044881927007e-01,8.511216491160566999e-01,-3.654900744125156864e-01,9.999999999999994449e-01,-6.244061065308367242e-01,3.363908505222849010e-01,-5.529184719226059030e-01,1.866152582837019014e-01,-5.052329077286721315e-01,1.342805861323527750e-01,-4.799340838630188344e-01,1.139120718407664601e-01,-4.739351889563315212e-01,1.183911073757233784e-01,-4.875586004153176223e-01,1.510856361695568084e-01,-5.260561683718251169e-01,2.360538630740717791e-01,-6.244061065308367242e-01,9.999999999999994449e-01
9.999999999999997780e-01,-6.436257358186581179e-01,2.696509680988967150e-01,-5.597420690716542468e-01,1.955198689233891840e-01,-5.283680397476067103e-01,1.678541244730449022e-01,-5.174850463061184680e-01,1.642251480999507018e-01,-5.224412522347769983e-01,1.816967184812674496e-01,-5.432027453319570043e-01,2.274588100429097426e-01,-5.835404388841100021e-01,3.684934340835713806e-01,-6.436257358186581179e-01,9.999999999999997780e-01,-4.109526003121296567e-01,8.766240638126210349e-01,-3.002436162603329683e-01,8.319288112745288899e-01,-2.611343586194603272e-01,8.170926345711244654e-01,-2.576608015992615797e-01,8.262359398281823308e-01,-2.865760540206497842e-01,8.598588280406036510e-01,-3.597796129207991855e-01,9.241381657320761889e-01,-5.835404356062553477e-01,2.696509680988967150e-01,-4.109526003121296567e-01,9.999999999999997780e-01,-4.775812636869972150e-01,2.261623561251228098e-01,-3.718262695155785669e-01,1.464402245626972854e-01,-3.400533577552460329e-01,1.217797071603558545e-01,-3.315357732718815509e-01,1.216361290601789963e-01,-3.381265128223880367e-01,1.437940832015492387e-01,-3.597796165982551919e-01,2.274588108340939163e-01,-5.597420690716542468e-01,8.766240638126210349e-01,-4.775812636869972150e-01,9.999999999999997780e-01,-4.007019076536826319e-01,8.217117772527370301e-01,-2.856585152456193044e-01,7.807872319632629399e-01,-2.595319193533325297e-01,7.778058369708474862e-01,-2.758053388820242979e-01,8.031098255931128360e-01,-3.381265091903615794e-01,8.598588273107155011e-01,-5.432027417715864503e-01,1.955198689233891840e-01,-3.002436162603329683e-01,2.261623561251228098e-01,-4.007019076536826319e-01,9.999999999999997780e-01,-4.364510366220977211e-01,2.296360731951654077e-01,-3.188778755758036043e-01,1.423935315758514120e-01,-2.838059636007748687e-01,1.167145612988132602e-01,-2.758053359373491831e-01,1.216361287654152828e-01,-2.865760488888533519e-01,1.816967147567402074e-01,-5.283680397476067103e-01,8.319288112745288899e-01,-3.718262695155785669e-01,8.217117772527370301e-01,-4.364510366220977211e-01,9.999999999999997780e-01,-4.046545794534798235e-01,8.000600213148377771e-01,-2.940115833746516638e-01,7.664435140520580170e-01,-2.838059651966778341e-01,7.778058303149921748e-01,-3.315357682803247164e-01,8.262359307842150891e-01,-5.224412441150976250e-01,1.678541244730449022e-01,-2.611343586194603272e-01,1.464402245626972854e-01,-2.856585152456193044e-01,2.296360731951654077e-01,-4.046545794534798235e-01,9.999999999999997780e-01,-4.160418866526971460e-01,2.319821904782895516e-01,-2.940115745706750050e-01,1.423935266889612694e-01,-2.595319108661349738e-01,1.217797037747046229e-01,-2.576607920525860740e-01,1.642251420087073033e-01,-5.174850463061184680e-01,8.170926345711244654e-01,-3.400533577552460329e-01,7.807872319632629399e-01,-3.188778755758036043e-01,8.000600213148377771e-01,-4.160418866526971460e-01,9.999999999999997780e-01,-4.160418960909401664e-01,8.000600249524489893e-01,-3.188778778488343124e-01,7.807872306826546538e-01,-3.400533547833338166e-01,8.170926318898910079e-01,-5.174850425103615370e-01,1.642251480999507018e-01,-2.576608015992615797e-01,1.217797071603558545e-01,-2.595319193533325297e-01,1.423935315758514120e-01,-2.940115833746516638e-01,2.319821904782895516e-01,-4.160418960909401664e-01,9.999999999999997780e-01,-4.046545824531621038e-01,2.296360707272508406e-01,-2.856585241992213864e-01,1.464402289484249831e-01,-2.611343685286767746e-01,1.678541316713140774e-01,-5.224412522347769983e-01,8.262359398281823308e-01,-3.315357732718815509e-01,7.778058369708474862e-01,-2.838059636007748687e-01,7.664435140520580170e-01,-2.940115745706750050e-01,8.000600249524489893e-01,-4.046545824531621038e-01,9.999999999999997780e-01,-4.364510350372033942e-01,8.217117814166357004e-01,-3.718262683843284178e-01,8.319288157103379433e-01,-5.283680409541786638e-01,1.816967184812674496e-01,-2.865760540206497842e-01,1.216361290601789963e-01,-2.758053388820242979e-01,1.167145612988132602e-01,-2.838059651966778341e-01,1.423935266889612694e-01,-3.188778778488343124e-01,2.296360707272508406e-01,-4.364510350372033942e-01,9.999999999999997780e-01,-4.007019154877529132e-01,2.261623609772339394e-01,-3.002436233180905134e-01,1.955198750971050559e-01,-5.432027453319570043e-01,8.598588280406036510e-01,-3.381265128223880367e-01,8.031098255931128360e-01,-2.758053359373491831e-01,7.778058303149921748e-01,-2.595319108661349738e-01,7.807872306826546538e-01,-2.856585241992213864e-01,8.217117814166357004e-01,-4.007019154877529132e-01,9.999999999999997780e-01,-4.775812610789139656e-01,8.766240608708061322e-01,-5.597420662945428171e-01,2.274588100429097426e-01,-3.597796129207991855e-01,1.437940832015492387e-01,-3.381265091903615794e-01,1.216361287654152828e-01,-3.315357682803247164e-01,1.217797037747046229e-01,-3.400533547833338166e-01,1.464402289484249831e-01,-3.718262683843284178e-01,2.261623609772339394e-01,-4.775812610789139656e-01,9.999999999999997780e-01,-4.109525987195323804e-01,2.696509690133955806e-01,-5.835404388841100021e-01,9.241381657320761889e-01,-3.597796165982551919e-01,8.598588273107155011e-01,-2.865760488888533519e-01,8.262359307842150891e-01,-2.576607920525860740e-01,8.170926318898910079e-01,-2.611343685286767746e-01,8.319288157103379433e-01,-3.002436233180905134e-01,8.766240608708061322e-01,-4.109525987195323804e-01,9.999999999999997780e-01,-6.436257338171216258e-01,3.684934340835713806e-01,-5.835404356062553477e-01,2.274588108340939163e-01,-5.432027417715864503e-01,1.816967147567402074e-01,-5.224412441150976250e-01,1.642251420087073033e-01,-5.174850425103615370e-01,1.678541316713140774e-01,-5.283680409541786638e-01,1.955198750971050559e-01,-5.597420662945428171e-01,2.696509690133955806e-01,-6.436257338171216258e-01,9.999999999999997780e-01
9.999999999999983347e-01,-6.617430208203134434e-01,3.028019796465178937e-01,-5.907906435391225841e-01,2.391245981384673702e-01,-5.658599478197332555e-01,2.163544527701071196e-01,-5.574557884511492922e-01,2.134997949199383127e-01,-5.613874809366727892e-01,2.280024481776964929e-01,-5.778958154918842904e-01,2.671432707304746690e-01,-6.114143688143620636e-01,3.990065100614535454e-01,-6.617430208203134434e-01,9.999999999999983347e-01,-4.529127163051125393e-01,8.983516390076300429e-01,-3.596059700494977918e-01,8.638059596725617961e-01,-3.282490956823174710e-01,8.526225921880066227e-01,-3.255262839171193523e-01,8.595281707995000575e-01,-3.486203803914177390e-01,8.853122171071048374e-01,-4.090889195038365789e-01,9.369251627273691430e-01,-6.114143672963034959e-01,3.028019796465178937e-01,-4.529127163051125393e-01,9.999999999999983347e-01,-5.059113995056019331e-01,2.497548829060446951e-01,-4.148134147071899647e-01,1.793122362364808764e-01,-3.888595027146465322e-01,1.586887746763255280e-01,-3.825188061700737774e-01,1.597016686569183719e-01,-3.889488926277725467e-01,1.812874739042228678e-01,-4.090889214052554901e-01,2.671432711132064042e-01,-5.907906435391225841e-01,8.983516390076300429e-01,-5.059113995056019331e-01,9.999999999999983347e-01,-4.429476885661493002e-01,8.533856165460256271e-01,-3.442725864119909884e-01,8.210510215236006548e-01,-3.227501296659090468e-01,8.187467227859790420e-01,-3.361774248128819309e-01,8.387005600087518165e-01,-3.889488906838034499e-01,8.853122167926513741e-01,-5.778958137913272619e-01,2.391245981384673702e-01,-3.596059700494977918e-01,2.497548829060446951e-01,-4.429476885661493002e-01,9.999999999999983347e-01,-4.700876727264040600e-01,2.482902895622936257e-01,-3.689702710574415678e-01,1.714933317408874058e-01,-3.408329040424822876e-01,1.512608347631026195e-01,-3.361774237997181003e-01,1.597016685718435081e-01,-3.486203782639962778e-01,2.280024465014427737e-01,-5.658599478197332555e-01,8.638059596725617961e-01,-4.148134147071899647e-01,8.533856165460256271e-01,-4.700876727264040600e-01,9.999999999999983347e-01,-4.449525025683525037e-01,8.362127899094611294e-01,-3.491501725369567932e-01,8.093183804399846082e-01,-3.408329038975124736e-01,8.187467189451332894e-01,-3.825188031133034960e-01,8.595281658991282825e-01,-5.613874766074701261e-01,2.163544527701071196e-01,-3.282490956823174710e-01,1.793122362364808764e-01,-3.442725864119909884e-01,2.482902895622936257e-01,-4.449525025683525037e-01,9.999999999999983347e-01,-4.534414905141603835e-01,2.489830233096422818e-01,-3.491501672630911157e-01,1.714933281078870331e-01,-3.227501240519203840e-01,1.586887719078076131e-01,-3.255262779600980871e-01,2.134997909683406248e-01,-5.574557884511492922e-01,8.526225921880066227e-01,-3.888595027146465322e-01,8.210510215236006548e-01,-3.689702710574415678e-01,8.362127899094611294e-01,-4.534414905141603835e-01,9.999999999999983347e-01,-4.534414961593505322e-01,8.362127918276007765e-01,-3.689702713920710586e-01,8.210510204369069198e-01,-3.888595007208897614e-01,8.526225906315176850e-01,-5.574557864421365583e-01,2.134997949199383127e-01,-3.255262839171193523e-01,1.586887746763255280e-01,-3.227501296659090468e-01,1.714933317408874058e-01,-3.491501725369567932e-01,2.489830233096422818e-01,-4.534414961593505322e-01,9.999999999999983347e-01,-4.449525048047140996e-01,2.482902881128526695e-01,-3.442725914015360433e-01,1.793122385924850459e-01,-3.282491014368744686e-01,2.163544570455847027e-01,-5.613874809366727892e-01,8.595281707995000575e-01,-3.825188061700737774e-01,8.187467227859790420e-01,-3.408329040424822876e-01,8.093183804399846082e-01,-3.491501672630911157e-01,8.362127918276007765e-01,-4.449525048047140996e-01,9.999999999999983347e-01,-4.700876710819968385e-01,8.533856183955488284e-01,-4.148134138184491060e-01,8.638059619589206761e-01,-5.658599486024272762e-01,2.280024481776964929e-01,-3.486203803914177390e-01,1.597016686569183719e-01,-3.361774248128819309e-01,1.512608347631026195e-01,-3.408329038975124736e-01,1.714933281078870331e-01,-3.689702713920710586e-01,2.482902881128526695e-01,-4.700876710819968385e-01,9.999999999999983347e-01,-4.429476920318963229e-01,2.497548852389057106e-01,-3.596059729838007035e-01,2.391246010130654298e-01,-5.778958154918842904e-01,8.853122171071048374e-01,-3.889488926277725467e-01,8.387005600087518165e-01,-3.361774237997181003e-01,8.187467189451332894e-01,-3.227501240519203840e-01,8.210510204369069198e-01,-3.442725914015360433e-01,8.533856183955488284e-01,-4.429476920318963229e-01,9.999999999999983347e-01,-5.059113981403535742e-01,8.983516373581685865e-01,-5.907906421592161728e-01,2.671432707304746690e-01,-4.090889195038365789e-01,1.812874739042228678e-01,-3.889488906838034499e-01,1.597016685718435081e-01,-3.825188031133034960e-01,1.586887719078076131e-01,-3.888595007208897614e-01,1.793122385924850459e-01,-4.148134138184491060e-01,2.497548852389057106e-01,-5.059113981403535742e-01,9.999999999999983347e-01,-4.529127153073199130e-01,3.028019800527688155e-01,-6.114143688143620636e-01,9.369251627273691430e-01,-4.090889214052554901e-01,8.853122167926513741e-01,-3.486203782639962778e-01,8.595281658991282825e-01,-3.255262779600980871e-01,8.526225906315176850e-01,-3.282491014368744686e-01,8.638059619589206761e-01,-3.596059729838007035e-01,8.983516373581685865e-01,-4.529127153073199130e-01,9.999999999999983347e-01,-6.617430199264056068e-01,3.990065100614535454e-01,-6.114143672963034959e-01,2.671432711132064042e-01,-5.778958137913272619e-01,2.280024465014427737e-01,-5.613874766074701261e-01,2.134997909683406248e-01,-5.574557864421365583e-01,2.163544570455847027e-01,-5.658599486024272762e-01,2.391246010130654298e-01,-5.907906421592161728e-01,3.028019800527688155e-01,-6.617430199264056068e-01,9.999999999999983347e-01
1.000000000000000888e+00,-6.787817011508289200e-01,3.349010361442345540e-01,-6.190111361461521078e-01,2.807789407154364092e-01,-5.995639521532853955e-01,2.624395484040443760e-01,-5.932459982542239718e-01,2.602470797752774456e-01,-5.962656510608974614e-01,2.719781313476751228e-01,-6.090822569536881170e-01,3.049398963488548220e-01,-6.366222926861212494e-01,4.277688926936975000e-01,-6.787817011508289200e-01,1.000000000000000888e+00,-4.910834498306145823e-01,9.163578913131587012e-01,-4.129956395244347989e-01,8.900911966216724647e-01,-3.883347000864526555e-01,8.818691941729445150e-01,-3.862476119163064103e-01,8.869456114656524282e-01,-4.042945887518387682e-01,9.063259141687611820e-01,-4.536636738096198052e-01,9.474615432928054082e-01,-6.366222910933936330e-01,3.349010361442345540e-01,-4.910834498306145823e-01,1.000000000000000888e+00,-5.329721885027171036e-01,2.754799387273869637e-01,-4.551345944532510512e-01,2.141267803705705908e-01,-4.343584291520878327e-01,1.972351361574593287e-01,-4.297446770915100411e-01,1.988934945001726295e-01,-4.355845642050168443e-01,2.190348964048324520e-01,-4.536636760363116361e-01,3.049398966913941522e-01,-6.190111361461521078e-01,9.163578913131587012e-01,-5.329721885027171036e-01,1.000000000000000888e+00,-4.819461779394486056e-01,8.798713175809118603e-01,-3.980775976175333630e-01,8.547570225050485915e-01,-3.806708259023180441e-01,8.530084890246321105e-01,-3.915102638936389656e-01,8.684245306587687896e-01,-4.355845618639244687e-01,9.063259142766288967e-01,-6.090822552368979625e-01,2.807789407154364092e-01,-4.129956395244347989e-01,2.754799387273869637e-01,-4.819461779394486056e-01,1.000000000000000888e+00,-5.021568525363848678e-01,2.707962319800515383e-01,-4.160413922221499750e-01,2.041654107032206400e-01,-3.938732744492619564e-01,1.885184450455848759e-01,-3.915102662782516396e-01,1.988934953933920169e-01,-4.042945907245152348e-01,2.719781319389062424e-01,-5.995639521532853955e-01,8.900911966216724647e-01,-4.551345944532510512e-01,8.798713175809118603e-01,-5.021568525363848678e-01,1.000000000000000888e+00,-4.827017216063882454e-01,8.665036467045095225e-01,-4.005529324583877449e-01,8.453359660477108850e-01,-3.938732703652666478e-01,8.530084851549604164e-01,-4.297446732684692128e-01,8.869456074778302446e-01,-5.962656469675943205e-01,2.624395484040443760e-01,-3.883347000864526555e-01,2.141267803705705908e-01,-3.980775976175333630e-01,2.707962319800515383e-01,-4.827017216063882454e-01,1.000000000000000888e+00,-4.888647626172224481e-01,2.704059582605188861e-01,-4.005529284099280662e-01,2.041654054747347180e-01,-3.806708203872214424e-01,1.972351324594789901e-01,-3.862476072494500090e-01,2.602470764055659358e-01,-5.932459982542239718e-01,8.818691941729445150e-01,-4.343584291520878327e-01,8.547570225050485915e-01,-4.160413922221499750e-01,8.665036467045095225e-01,-4.888647626172224481e-01,1.000000000000000888e+00,-4.888647666392312852e-01,8.665036478510639295e-01,-4.160413884365313231e-01,8.547570199411704817e-01,-4.343584254248502585e-01,8.818691927494752836e-01,-5.932459962320826286e-01,2.602470797752774456e-01,-3.862476119163064103e-01,1.972351361574593287e-01,-3.806708259023180441e-01,2.041654107032206400e-01,-4.005529324583877449e-01,2.704059582605188861e-01,-4.888647666392312852e-01,1.000000000000000888e+00,-4.827017230889296684e-01,2.707962286820666531e-01,-3.980775990948837162e-01,2.141267797011058849e-01,-3.883347041088711649e-01,2.624395516452315835e-01,-5.962656510608974614e-01,8.869456114656524282e-01,-4.297446770915100411e-01,8.530084890246321105e-01,-3.938732744492619564e-01,8.453359660477108850e-01,-4.005529284099280662e-01,8.665036478510639295e-01,-4.827017230889296684e-01,1.000000000000000888e+00,-5.021568472412485384e-01,8.798713165532499048e-01,-4.551345907722336159e-01,8.900911980589567563e-01,-5.995639521717732734e-01,2.719781313476751228e-01,-4.042945887518387682e-01,1.988934945001726295e-01,-3.915102638936389656e-01,1.885184450455848759e-01,-3.938732703652666478e-01,2.041654054747347180e-01,-4.160413884365313231e-01,2.707962286820666531e-01,-5.021568472412485384e-01,1.000000000000000888e+00,-4.819461770814920110e-01,2.754799385493109098e-01,-4.129956375472786378e-01,2.807789398111827928e-01,-6.090822569536881170e-01,9.063259141687611820e-01,-4.355845642050168443e-01,8.684245306587687896e-01,-3.915102662782516396e-01,8.530084851549604164e-01,-3.806708203872214424e-01,8.547570199411704817e-01,-3.980775990948837162e-01,8.798713165532499048e-01,-4.819461770814920110e-01,1.000000000000000888e+00,-5.329721869833322634e-01,9.163578892921757646e-01,-6.190111339725981043e-01,3.049398963488548220e-01,-4.536636738096198052e-01,2.190348964048324520e-01,-4.355845618639244687e-01,1.988934953933920169e-01,-4.297446732684692128e-01,1.972351324594789901e-01,-4.343584254248502585e-01,2.141267797011058849e-01,-4.551345907722336159e-01,2.754799385493109098e-01,-5.329721869833322634e-01,1.000000000000000888e+00,-4.910834480314393291e-01,3.349010354033162828e-01,-6.366222926861212494e-01,9.474615432928054082e-01,-4.536636760363116361e-01,9.063259142766288967e-01,-4.042945907245152348e-01,8.869456074778302446e-01,-3.862476072494500090e-01,8.818691927494752836e-01,-3.883347041088711649e-01,8.900911980589567563e-01,-4.129956375472786378e-01,9.163578892921757646e-01,-4.910834480314393291e-01,1.000000000000000888e+00,-6.787816999812275043e-01,4.277688926936975000e-01,-6.366222910933936330e-01,3.049398966913941522e-01,-6.090822552368979625e-01,2.719781319389062424e-01,-5.962656469675943205e-01,2.602470764055659358e-01,-5.932459962320826286e-01,2.624395516452315835e-01,-5.995639521717732734e-01,2.807789398111827928e-01,-6.190111339725981043e-01,3.349010354033162828e-01,-6.787816999812275043e-01,1.000000000000000888e+00
1.000000000000003997e+00,-6.947842030773169197e-01,3.656109662729812304e-01,-6.444706157804844793e-01,3.198970654253128210e-01,-6.294857579865315023e-01,3.053584433503007123e-01,-6.248305125212368916e-01,3.037054272176327174e-01,-6.270935427067139134e-01,3.130143403343385033e-01,-6.368793890622332921e-01,3.405058475797137496e-01,-6.593787881709466392e-01,4.547695379046666764e-01,-6.947842030773169197e-01,1.000000000000003997e+00,-5.255539739235908225e-01,9.310201045618411442e-01,-4.603835860270050206e-01,9.112483575514429557e-01,-4.412477849147428133e-01,9.053125824086003526e-01,-4.396749246449396242e-01,9.089706754773103636e-01,-4.535592965245585639e-01,9.233454905345221952e-01,-4.936135987308056805e-01,9.560533677029462440e-01,-6.593787878988747186e-01,3.656109662729812304e-01,-5.255539739235908225e-01,1.000000000000003997e+00,-5.586167284617877815e-01,3.023706696103462543e-01,-4.924181513805624411e-01,2.494948292585169314e-01,-4.760301136440576730e-01,2.358791085481897198e-01,-4.727270160564180923e-01,2.378070804683152795e-01,-4.777756914243299624e-01,2.560352248508345752e-01,-4.936135991447717641e-01,3.405058475566421494e-01,-6.444706157804844793e-01,9.310201045618411442e-01,-5.586167284617877815e-01,1.000000000000003997e+00,-5.174781071037404256e-01,9.015449100289667506e-01,-4.465681036601500953e-01,8.822611389698603590e-01,-4.326805358948985769e-01,8.809523196227251329e-01,-4.412905437837526534e-01,8.926915009271213508e-01,-4.777756909890950587e-01,9.233454907242428789e-01,-6.368793888226782496e-01,3.198970654253128210e-01,-4.603835860270050206e-01,3.023706696103462543e-01,-5.174781071037404256e-01,1.000000000000003997e+00,-5.323423114638069498e-01,2.958394945436076950e-01,-4.594427478114968544e-01,2.386420078362390951e-01,-4.421953172705236357e-01,2.266959407471765553e-01,-4.412905460408431679e-01,2.378070816506619722e-01,-4.535592988625125055e-01,3.130143417754807644e-01,-6.294857579865315023e-01,9.112483575514429557e-01,-4.924181513805624411e-01,9.015449100289667506e-01,-5.323423114638069498e-01,1.000000000000003997e+00,-5.175054512658950889e-01,8.912782846481276389e-01,-4.475061410418489372e-01,8.748039041122979143e-01,-4.421953144493327992e-01,8.809523187289159951e-01,-4.727270151909269136e-01,9.089706748881454246e-01,-6.270935420459737841e-01,3.053584433503007123e-01,-4.412477849147428133e-01,2.494948292585169314e-01,-4.465681036601500953e-01,2.958394945436076950e-01,-5.175054512658950889e-01,1.000000000000003997e+00,-5.218938867304594442e-01,2.948257486098251334e-01,-4.475061403809492688e-01,2.386420055843267440e-01,-4.326805344705557665e-01,2.358791075108321311e-01,-4.396749238796182624e-01,3.037054267391523510e-01,-6.248305125212368916e-01,9.053125824086003526e-01,-4.760301136440576730e-01,8.822611389698603590e-01,-4.594427478114968544e-01,8.912782846481276389e-01,-5.218938867304594442e-01,1.000000000000003997e+00,-5.218938872421333697e-01,8.912782846630702416e-01,-4.594427451086824377e-01,8.822611378656397552e-01,-4.760301124672295381e-01,9.053125820811009916e-01,-6.248305121811594809e-01,3.037054272176327174e-01,-4.396749246449396242e-01,2.358791085481897198e-01,-4.326805358948985769e-01,2.386420078362390951e-01,-4.475061410418489372e-01,2.948257486098251334e-01,-5.218938872421333697e-01,1.000000000000003997e+00,-5.175054515231717334e-01,2.958394929375616211e-01,-4.465681029574488092e-01,2.494948283528660715e-01,-4.412477854593069293e-01,3.053584440614482420e-01,-6.270935427067139134e-01,9.089706754773103636e-01,-4.727270160564180923e-01,8.809523196227251329e-01,-4.421953172705236357e-01,8.748039041122979143e-01,-4.475061403809492688e-01,8.912782846630702416e-01,-5.175054515231717334e-01,1.000000000000003997e+00,-5.323423085905251151e-01,9.015449087857350108e-01,-4.924181497796238927e-01,9.112483575588691265e-01,-6.294857578652981456e-01,3.130143403343385033e-01,-4.535592965245585639e-01,2.378070804683152795e-01,-4.412905437837526534e-01,2.266959407471765553e-01,-4.421953144493327992e-01,2.386420055843267440e-01,-4.594427451086824377e-01,2.958394929375616211e-01,-5.323423085905251151e-01,1.000000000000003997e+00,-5.174781050559215112e-01,3.023706686158063039e-01,-4.603835835663242504e-01,3.198970638482243611e-01,-6.368793890622332921e-01,9.233454905345221952e-01,-4.777756914243299624e-01,8.926915009271213508e-01,-4.412905460408431679e-01,8.809523187289159951e-01,-4.326805344705557665e-01,8.822611378656397552e-01,-4.465681029574488092e-01,9.015449087857350108e-01,-5.174781050559215112e-01,1.000000000000003997e+00,-5.586167282919962673e-01,9.310201039693140057e-01,-6.444706152043094827e-01,3.405058475797137496e-01,-4.936135987308056805e-01,2.560352248508345752e-01,-4.777756909890950587e-01,2.378070816506619722e-01,-4.727270151909269136e-01,2.358791075108321311e-01,-4.760301124672295381e-01,2.494948283528660715e-01,-4.924181497796238927e-01,3.023706686158063039e-01,-5.586167282919962673e-01,1.000000000000003997e+00,-5.255539734528956730e-01,3.656109659964014158e-01,-6.593787881709466392e-01,9.560533677029462440e-01,-4.936135991447717641e-01,9.233454907242428789e-01,-4.535592988625125055e-01,9.089706748881454246e-01,-4.396749238796182624e-01,9.053125820811009916e-01,-4.412477854593069293e-01,9.112483575588691265e-01,-4.603835835663242504e-01,9.310201039693140057e-01,-5.255539734528956730e-01,1.000000000000003997e+00,-6.947842028499124911e-01,4.547695379046666764e-01,-6.593787878988747186e-01,3.405058475566421494e-01,-6.368793888226782496e-01,3.130143417754807644e-01,-6.270935420459737841e-01,3.037054267391523510e-01,-6.248305121811594809e-01,3.053584440614482420e-01,-6.294857578652981456e-01,3.198970638482243611e-01,-6.444706152043094827e-01,3.656109659964014158e-01,-6.947842028499124911e-01,1.000000000000003997e+00
9.999999999999978906e-01,-7.024133370662501985e-01,3.803960072715813490e-01,-6.562297269436123681e-01,3.384358882694654680e-01,-6.431144489609855741e-01,3.255472715595675304e-01,-6.391409128698406494e-01,3.241197291267573499e-01,-6.410863119280961753e-01,3.323679762323634157e-01,-6.496005464507945693e-01,3.574223275302633729e-01,-6.699213370622078001e-01,4.676309929341506688e-01,-7.024133370662501985e-01,9.999999999999978906e-01,-5.414914396052592505e-01,9.372569155215737524e-01,-4.819549469253024965e-01,9.201388721402818938e-01,-4.651564576750701341e-01,9.151203254029407486e-01,-4.637976641671691103e-01,9.182085768742400678e-01,-4.759256700288104769e-01,9.305497386805345883e-01,-5.119688751616259248e-01,9.597250167461720549e-01,-6.699213368593087692e-01,3.803960072715813490e-01,-5.414914396052592505e-01,9.999999999999978906e-01,-5.708851026071523060e-01,3.160074511617760318e-01,-5.098891755815085913e-01,2.670624847732004925e-01,-4.953925985711706281e-01,2.548947960097140419e-01,-4.926097952705845717e-01,2.568580913105138475e-01,-4.972404512322698977e-01,2.740535075277338306e-01,-5.119688754625575378e-01,3.574223275666090771e-01,-6.562297269436123681e-01,9.372569155215737524e-01,-5.708851026071523060e-01,9.999999999999978906e-01,-5.339677802266719064e-01,9.107773102123630782e-01,-4.688296248419566714e-01,8.939265371429482299e-01,-4.564720715790900885e-01,8.927985310400142760e-01,-4.641115792027528109e-01,9.030040182500165269e-01,-4.972404511468815902e-01,9.305497393072247325e-01,-6.496005465148357860e-01,3.384358882694654680e-01,-4.819549469253024965e-01,3.160074511617760318e-01,-5.339677802266719064e-01,9.999999999999978906e-01,-5.466791072786908456e-01,3.089474135690353229e-01,-4.796904431754636100e-01,2.561091234381414061e-01,-4.645258599744555572e-01,2.457054428807242674e-01,-4.641115822506427513e-01,2.568580923507411962e-01,-4.759256741025733595e-01,3.323679785826379462e-01,-6.431144489609855741e-01,9.201388721402818938e-01,-5.098891755815085913e-01,9.107773102123630782e-01,-5.466791072786908456e-01,9.999999999999978906e-01,-5.337720774964627157e-01,9.018120918471252967e-01,-4.692490249737954477e-01,8.873193737373678003e-01,-4.645258570411866517e-01,8.927985323581002497e-01,-4.926097956497933472e-01,9.182085793905099269e-01,-6.410863133252852064e-01,3.255472715595675304e-01,-4.651564576750701341e-01,2.670624847732004925e-01,-4.688296248419566714e-01,3.089474135690353229e-01,-5.337720774964627157e-01,9.999999999999978906e-01,-5.374555796799577179e-01,3.077536715945323742e-01,-4.692490292845769018e-01,2.561091242032448312e-01,-4.564720756721658002e-01,2.548947978694636185e-01,-4.637976695677789585e-01,3.241197327856243371e-01,-6.391409128698406494e-01,9.151203254029407486e-01,-4.953925985711706281e-01,8.939265371429482299e-01,-4.796904431754636100e-01,9.018120918471252967e-01,-5.374555796799577179e-01,9.999999999999978906e-01,-5.374555742874399522e-01,9.018120901527998390e-01,-4.796904396384705782e-01,8.939265361504158403e-01,-4.953925975092914324e-01,9.151203260303528708e-01,-6.391409131570375823e-01,3.241197291267573499e-01,-4.637976641671691103e-01,2.548947960097140419e-01,-4.564720715790900885e-01,2.561091234381414061e-01,-4.692490249737954477e-01,3.077536715945323742e-01,-5.374555742874399522e-01,9.999999999999978906e-01,-5.337720741226603671e-01,3.089474117765376171e-01,-4.688296184143083134e-01,2.670624804665103214e-01,-4.651564523741161805e-01,3.255472675771058366e-01,-6.410863119280961753e-01,9.182085768742400678e-01,-4.926097952705845717e-01,8.927985310400142760e-01,-4.645258599744555572e-01,8.873193737373678003e-01,-4.692490292845769018e-01,9.018120901527998390e-01,-5.337720741226603671e-01,9.999999999999978906e-01,-5.466791051707106108e-01,9.107773070144156158e-01,-5.098891730589462101e-01,9.201388704359023674e-01,-6.431144471852028310e-01,3.323679762323634157e-01,-4.759256700288104769e-01,2.568580913105138475e-01,-4.641115792027528109e-01,2.457054428807242674e-01,-4.645258570411866517e-01,2.561091242032448312e-01,-4.796904396384705782e-01,3.089474117765376171e-01,-5.466791051707106108e-01,9.999999999999978906e-01,-5.339677759539724899e-01,3.160074484416053875e-01,-4.819549420858468824e-01,3.384358836768684986e-01,-6.496005464507945693e-01,9.305497386805345883e-01,-4.972404512322698977e-01,9.030040182500165269e-01,-4.641115822506427513e-01,8.927985323581002497e-01,-4.564720756721658002e-01,8.939265361504158403e-01,-4.688296184143083134e-01,9.107773070144156158e-01,-5.339677759539724899e-01,9.999999999999978906e-01,-5.708851027014497648e-01,9.372569153945811138e-01,-6.562297259041797171e-01,3.574223275302633729e-01,-5.119688751616259248e-01,2.740535075277338306e-01,-4.972404511468815902e-01,2.568580923507411962e-01,-4.926097956497933472e-01,2.548947978694636185e-01,-4.953925975092914324e-01,2.670624804665103214e-01,-5.098891730589462101e-01,3.160074484416053875e-01,-5.708851027014497648e-01,9.999999999999978906e-01,-5.414914390054926807e-01,3.803960057034527775e-01,-6.699213370622078001e-01,9.597250167461720549e-01,-5.119688754625575378e-01,9.305497393072247325e-01,-4.759256741025733595e-01,9.182085793905099269e-01,-4.637976695677789585e-01,9.151203260303528708e-01,-4.651564523741161805e-01,9.201388704359023674e-01,-4.819549420858468824e-01,9.372569153945811138e-01,-5.414914390054926807e-01,9.999999999999978906e-01,-7.024133365366695969e-01,4.676309929341506688e-01,-6.699213368593087692e-01,3.574223275666090771e-01,-6.496005465148357860e-01,3.323679785826379462e-01,-6.410863133252852064e-01,3.241197327856243371e-01,-6.391409131570375823e-01,3.255472675771058366e-01,-6.431144471852028310e-01,3.384358836768684986e-01,-6.562297259041797171e-01,3.803960057034527775e-01,-7.024133365366695969e-01,9.999999999999978906e-01
9.999999999999978906e-01,-7.024133370662501985e-01,3.803960072715813490e-01,-6.562297269436123681e-01,3.384358882694654680e-01,-6.431144489609855741e-01,3.255472715595675304e-01,-6.391409128698406494e-01,3.241197291267573499e-01,-6.410863119280961753e-01,3.323679762323634157e-01,-6.496005464507945693e-01,3.574223275302633729e-01,-6.699213370622078001e-01,4.676309929341506688e-01,-7.024133370662501985e-01,9.999999999999978906e-01,-5.414914396052592505e-01,9.372569155215737524e-01,-4.819549469253024965e-01,9.201388721402818938e-01,-4.651564576750701341e-01,9.151203254029407486e-01,-4.637976641671691103e-01,9.182085768742400678e-01,-4.759256700288104769e-01,9.305497386805345883e-01,-5.119688751616259248e-01,9.597250167461720549e-01,-6.699213368593087692e-01,3.803960072715813490e-01,-5.414914396052592505e-01,9.999999999999978906e-01,-5.708851026071523060e-01,3.160074511617760318e-01,-5.098891755815085913e-01,2.670624847732004925e-01,-4.953925985711706281e-01,2.548947960097140419e-01,-4.926097952705845717e-01,2.568580913105138475e-01,-4.972404512322698977e-01,2.740535075277338306e-01,-5.119688754625575378e-01,3.574223275666090771e-01,-6.562297269436123681e-01,9.372569155215737524e-01,-5.708851026071523060e-01,9.999999999999978906e-01,-5.339677802266719064e-01,9.107773102123630782e-01,-4.688296248419566714e-01,8.939265371429482299e-01,-4.564720715790900885e-01,8.927985310400142760e-01,-4.641115792027528109e-01,9.030040182500165269e-01,-4.972404511468815902e-01,9.305497393072247325e-01,-6.496005465148357860e-01,3.384358882694654680e-01,-4.819549469253024965e-01,3.160074511617760318e-01,-5.339677802266719064e-01,9.999999999999978906e-01,-5.466791072786908456e-01,3.089474135690353229e-01,-4.796904431754636100e-01,2.561091234381414061e-01,-4.645258599744555572e-01,2.457054428807242674e-01,-4.641115822506427513e-01,2.568580923507411962e-01,-4.759256741025733595e-01,3.323679785826379462e-01,-6.431144489609855741e-01,9.201388721402818938e-01,-5.098891755815085913e-01,9.107773102123630782e-01,-5.466791072786908456e-01,9.999999999999978906e-01,-5.337720774964627157e-01,9.018120918471252967e-01,-4.692490249737954477e-01,8.873193737373678003e-01,-4.645258570411866517e-01,8.927985323581002497e-01,-4.926097956497933472e-01,9.182085793905099269e-01,-6.410863133252852064e-01,3.255472715595675304e-01,-4.651564576750701341e-01,2.670624847732004925e-01,-4.688296248419566714e-01,3.089474135690353229e-01,-5.337720774964627157e-01,9.999999999999978906e-01,-5.374555796799577179e-01,3.077536715945323742e-01,-4.692490292845769018e-01,2.561091242032448312e-01,-4.564720756721658002e-01,2.548947978694636185e-01,-4.637976695677789585e-01,3.241197327856243371e-01,-6.391409128698406494e-01,9.151203254029407486e-01,-4.953925985711706281e-01,8.939265371429482299e-01,-4.796904431754636100e-01,9.018120918471252967e-01,-5.374555796799577179e-01,9.999999999999978906e-01,-5.374555742874399522e-01,9.018120901527998390e-01,-4.796904396384705782e-01,8.939265361504158403e-01,-4.953925975092914324e-01,9.151203260303528708e-01,-6.391409131570375823e-01,3.241197291267573499e-01,-4.637976641671691103e-01,2.548947960097140419e-01,-4.564720715790900885e-01,2.561091234381414061e-01,-4.692490249737954477e-01,3.077536715945323742e-01,-5.374555742874399522e-01,9.999999999999978906e-01,-5.337720741226603671e-01,3.089474117765376171e-01,-4.688296184143083134e-01,2.670624804665103214e-01,-4.651564523741161805e-01,3.255472675771058366e-01,-6.410863119280961753e-01,9.182085768742400678e-01,-4.926097952705845717e-01,8.927985310400142760e-01,-4.645258599744555572e-01,8.873193737373678003e-01,-4.692490292845769018e-01,9.018120901527998390e-01,-5.337720741226603671e-01,9.999999999999978906e-01,-5.466791051707106108e-01,9.107773070144156158e-01,-5.098891730589462101e-01,9.201388704359023674e-01,-6.431144471852028310e-01,3.323679762323634157e-01,-4.759256700288104769e-01,2.568580913105138475e-01,-4.641115792027528109e-01,2.457054428807242674e-01,-4.645258570411866517e-01,2.561091242032448312e-01,-4.796904396384705782e-01,3.089474117765376171e-01,-5.466791051707106108e-01,9.999999999999978906e-01,-5.339677759539724899e-01,3.160074484416053875e-01,-4.819549420858468824e-01,3.384358836768684986e-01,-6.496005464507945693e-01,9.305497386805345883e-01,-4.972404512322698977e-01,9.030040182500165269e-01,-4.641115822506427513e-01,8.927985323581002497e-01,-4.564720756721658002e-01,8.939265361504158403e-01,-4.688296184143083134e-01,9.107773070144156158e-01,-5.339677759539724899e-01,9.999999999999978906e-01,-5.708851027014497648e-01,9.372569153945811138e-01,-6.562297259041797171e-01,3.574223275302633729e-01,-5.119688751616259248e-01,2.740535075277338306e-01,-4.972404511468815902e-01,2.568580923507411962e-01,-4.926097956497933472e-01,2.548947978694636185e-01,-4.953925975092914324e-01,2.670624804665103214e-01,-5.098891730589462101e-01,3.160074484416053875e-01,-5.708851027014497648e-01,9.999999999999978906e-01,-5.414914390054926807e-01,3.803960057034527775e-01,-6.699213370622078001e-01,9.597250167461720549e-01,-5.119688754625575378e-01,9.305497393072247325e-01,-4.759256741025733595e-01,9.182085793905099269e-01,-4.637976695677789585e-01,9.151203260303528708e-01,-4.651564523741161805e-01,9.201388704359023674e-01,-4.819549420858468824e-01,9.372569153945811138e-01,-5.414914390054926807e-01,9.999999999999978906e-01,-7.024133365366695969e-01,4.676309929341506688e-01,-6.699213368593087692e-01,3.574223275666090771e-01,-6.496005465148357860e-01,3.323679785826379462e-01,-6.410863133252852064e-01,3.241197327856243371e-01,-6.391409131570375823e-01,3.255472675771058366e-01,-6.431144471852028310e-01,3.384358836768684986e-01,-6.562297259041797171e-01,3.803960057034527775e-01,-7.024133365366695969e-01,9.999999999999978906e-01
9.999999999999978906e-01,-7.024133370662501985e-01,3.803960072715813490e-01,-6.562297269436123681e-01,3.384358882694654680e-01,-6.431144489609855741e-01,3.255472715595675304e-01,-6.391409128698406494e-01,3.241197291267573499e-01,-6.410863119280961753e-01,3.323679762323634157e-01,-6.496005464507945693e-01,3.574223275302633729e-01,-6.699213370622078001e-01,4.676309929341506688e-01,-7.024133370662501985e-01,9.999999999999978906e-01,-5.414914396052592505e-01,9.372569155215737524e-01,-4.819549469253024965e-01,9.201388721402818938e-01,-4.651564576750701341e-01,9.151203254029407486e-01,-4.637976641671691103e-01,9.182085768742400678e-01,-4.759256700288104769e-01,9.305497386805345883e-01,-5.119688751616259248e-01,9.597250167461720549e-01,-6.699213368593087692e-01,3.803960072715813490e-01,-5.414914396052592505e-01,9.999999999999978906e-01,-5.708851026071523060e-01,3.160074511617760318e-01,-5.098891755815085913e-01,2.670624847732004925e-01,-4.953925985711706281e-01,2.548947960097140419e-01,-4.926097952705845717e-01,2.568580913105138475e-01,-4.972404512322698977e-01,2.740535075277338306e-01,-5.119688754625575378e-01,3.574223275666090771e-01,-6.562297269436123681e-01,9.372569155215737524e-01,-5.708851026071523060e-01,9.999999999999978906e-01,-5.339677802266719064e-01,9.107773102123630782e-01,-4.688296248419566714e-01,8.939265371429482299e-01,-4.564720715790900885e-01,8.927985310400142760e-01,-4.641115792027528109e-01,9.030040182500165269e-01,-4.972404511468815902e-01,9.305497393072247325e-01,-6.496005465148357860e-01,3.384358882694654680e-01,-4.819549469253024965e-01,3.160074511617760318e-01,-5.339677802266719064e-01,9.999999999999978906e-01,-5.466791072786908456e-01,3.089474135690353229e-01,-4.796904431754636100e-01,2.561091234381414061e-01,-4.645258599744555572e-01,2.457054428807242674e-01,-4.641115822506427513e-01,2.568580923507411962e-01,-4.759256741025733595e-01,3.323679785826379462e-01,-6.431144489609855741e-01,9.201388721402818938e-01,-5.098891755815085913e-01,9.107773102123630782e-01,-5.466791072786908456e-01,9.999999999999978906e-01,-5.337720774964627157e-01,9.018120918471252967e-01,-4.692490249737954477e-01,8.873193737373678003e-01,-4.645258570411866517e-01,8.927985323581002497e-01,-4.926097956497933472e-01,9.182085793905099269e-01,-6.410863133252852064e-01,3.255472715595675304e-01,-4.651564576750701341e-01,2.670624847732004925e-01,-4.688296248419566714e-01,3.089474135690353229e-01,-5.337720774964627157e-01,9.999999999999978906e-01,-5.374555796799577179e-01,3.077536715945323742e-01,-4.692490292845769018e-01,2.561091242032448312e-01,-4.564720756721658002e-01,2.548947978694636185e-01,-4.637976695677789585e-01,3.241197327856243371e-01,-6.391409128698406494e-01,9.151203254029407486e-01,-4.953925985711706281e-01,8.939265371429482299e-01,-4.796904431754636100e-01,9.018120918471252967e-01,-5.374555796799577179e-01,9.999999999999978906e-01,-5.374555742874399522e-01,9.018120901527998390e-01,-4.796904396384705782e-01,8.939265361504158403e-01,-4.953925975092914324e-01,9.151203260303528708e-01,-6.391409131570375823e-01,3.241197291267573499e-01,-4.637976641671691103e-01,2.548947960097140419e-01,-4.564720715790900885e-01,2.561091234381414061e-01,-4.692490249737954477e-01,3.077536715945323742e-01,-5.374555742874399522e-01,9.999999999999978906e-01,-5.337720741226603671e-01,3.089474117765376171e-01,-4.688296184143083134e-01,2.670624804665103214e-01,-4.651564523741161805e-01,3.255472675771058366e-01,-6.410863119280961753e-01,9.182085768742400678e-01,-4.926097952705845717e-01,8.927985310400142760e-01,-4.645258599744555572e-01,8.873193737373678003e-01,-4.692490292845769018e-01,9.018120901527998390e-01,-5.337720741226603671e-01,9.999999999999978906e-01,-5.466791051707106108e-01,9.107773070144156158e-01,-5.098891730589462101e-01,9.201388704359023674e-01,-6.431144471852028310e-01,3.323679762323634157e-01,-4.759256700288104769e-01,2.568580913105138475e-01,-4.641115792027528109e-01,2.457054428807242674e-01,-4.645258570411866517e-01,2.561091242032448312e-01,-4.796904396384705782e-01,3.089474117765376171e-01,-5.466791051707106108e-01,9.999999999999978906e-01,-5.339677759539724899e-01,3.160074484416053875e-01,-4.819549420858468824e-01,3.384358836768684986e-01,-6.496005464507945693e-01,9.305497386805345883e-01,-4.972404512322698977e-01,9.030040182500165269e-01,-4.641115822506427513e-01,8.927985323581002497e-01,-4.564720756721658002e-01,8.939265361504158403e-01,-4.688296184143083134e-01,9.107773070144156158e-01,-5.339677759539724899e-01,9.999999999999978906e-01,-5.708851027014497648e-01,9.372569153945811138e-01,-6.562297259041797171e-01,3.574223275302633729e-01,-5.119688751616259248e-01,2.740535075277338306e-01,-4.972404511468815902e-01,2.568580923507411962e-01,-4.926097956497933472e-01,2.548947978694636185e-01,-4.953925975092914324e-01,2.670624804665103214e-01,-5.098891730589462101e-01,3.160074484416053875e-01,-5.708851027014497648e-01,9.999999999999978906e-01,-5.414914390054926807e-01,3.803960057034527775e-01,-6.699213370622078001e-01,9.597250167461720549e-01,-5.119688754625575378e-01,9.305497393072247325e-01,-4.759256741025733595e-01,9.182085793905099269e-01,-4.637976695677789585e-01,9.151203260303528708e-01,-4.651564523741161805e-01,9.201388704359023674e-01,-4.819549420858468824e-01,9.372569153945811138e-01,-5.414914390054926807e-01,9.999999999999978906e-01,-7.024133365366695969e-01,4.676309929341506688e-01,-6.699213368593087692e-01,3.574223275666090771e-01,-6.496005465148357860e-01,3.323679785826379462e-01,-6.410863133252852064e-01,3.241197327856243371e-01,-6.391409131570375823e-01,3.255472675771058366e-01,-6.431144471852028310e-01,3.384358836768684986e-01,-6.562297259041797171e-01,3.803960057034527775e-01,-7.024133365366695969e-01,9.999999999999978906e-01
